ADP_BCID_Bayes	ADP_s_mean_Bayes	ADP_s_std_Bayes	ADP_s_time
0	0.3623636194797251	0.03380591308933492	9
1	0.585385637358953	0.030390352929738577	9
2	0.7298951273681913	0.045210619453381416	9
3	0.5490632773273539	0.031118168818562723	9
4	0.7295005147543756	0.03312920603777199	9
5	0.5007515817578113	0.044774783831722315	9
6	0.25751264547476005	0.035793056454135226	6
8	0.47294660051867404	0.03159739917938833	9
9	0.3039632531648563	0.028834368242125985	9
13	0.4468212251337576	0.037088283212662304	9
14	0.57072546324924	0.034826026998238946	9
15	0.34131926355776815	0.03752768713137828	9
16	0.4504345701009244	0.04036507931857905	9
17	0.5285755665327942	0.02962470929402663	9
18	0.48511346507121506	0.03483168135072443	9
19	0.5278546951195066	0.034738727013749957	9
20	0.4770999816485909	0.03927236627933778	9
21	0.33549941541638206	0.03986239081365239	9
22	0.8197479214149928	0.04737790730450678	7
23	0.6387195131179976	0.03235232003338747	9
24	0.5474827443526352	0.04336756771352576	9
25	0.6504806042750664	0.033614996700777854	9
26	0.3308442228667414	0.031243733885105124	9
27	0.46236865655635173	0.03402685604023613	9
28	0.42300631580579473	0.03686396124016312	9
29	0.4550146045635007	0.03928655806742617	9
30	0.29809174603970634	0.03207471934056002	9
31	0.25966020585174515	0.03253196621088173	9
33	0.6165605688235555	0.03891943639609056	9
35	0.3433615487419198	0.04346235268268945	8
37	0.1363863710499615	0.028170113729334808	9
38	0.4390624512265941	0.044000444958327625	9
39	0.15010369678984958	0.03453076060707209	9
42	0.4452930365472171	0.05099505785546473	9
43	0.5784959544488811	0.04280470684582958	9
44	0.35618862422984277	0.037575239646761446	9
46	0.46003299319654145	0.04443009989460333	9
47	0.4199680660926344	0.04080789874049623	9
48	0.625247272643352	0.03591477443502535	9
49	0.2739655211994862	0.04370727809289023	9
51	0.43014278354914304	0.03751963891414569	9
52	0.343629469646259	0.03273267013765379	9
53	0.31499670238337296	0.03460132958574703	9
54	0.43562621566024745	0.040165447985045136	9
55	0.1591573470525823	0.03784942500846987	8
56	0.5761100622084366	0.0585567148788347	9
57	0.3447058558262549	0.03170067607594076	9
58	0.7352674862678519	0.045587262989441935	9
60	0.7039214297899851	0.03756858317503034	9
61	0.35433635469989877	0.03497396403235086	8
63	0.4620066338210759	0.03875343701097103	9
64	0.4041955961268766	0.058773818426252046	8
65	0.45951881143834844	0.044121322059469954	8
66	0.6021495919701995	0.03661285761647182	9
67	0.3532940801877299	0.042340838304435	9
68	0.34726731208845885	0.03229061685212493	9
69	0.5598053691689208	0.033341098138375345	9
70	0.645447987290706	0.03201370196829014	9
71	0.8666345081748436	0.030471495100216378	9
72	0.6090457086624769	0.035898980436773906	9
73	0.3575215213176631	0.050207669884242336	9
74	0.38797181399055425	0.024480895182748753	9
75	0.23334822103642427	0.03981280384231378	7
76	0.5432201058413585	0.03789737149959842	9
77	0.6004877733787011	0.03300703213869268	9
78	0.6073445832721787	0.03305973223125687	9
79	0.4936940876092185	0.03182021043507657	9
80	0.49348101382276527	0.030546964498188056	9
81	0.19118340066701875	0.034187806063674046	9
82	0.3896413718691227	0.04070570778473385	9
83	0.3790349322108249	0.04873768976669396	9
84	0.5023440856511647	0.032799706862557385	9
85	0.7968759987823353	0.028101528466701532	9
86	0.20182491129451355	0.03898981450959576	6
87	0.46431116990185617	0.03934232619995398	7
88	0.8435583308828832	0.03192936470248328	9
89	0.6891018158052893	0.04145802073667676	9
90	0.4600305985986279	0.0354792350863509	9
91	0.3341352950341361	0.036986588297411006	9
92	0.45869768725620996	0.038595713681089744	9
93	0.4450775760469215	0.04250411083913845	9
94	0.506263129688464	0.06472884726532474	9
95	0.6870971318445476	0.06262089239594179	9
96	0.5323077143624632	0.044317735114041364	9
97	0.27159973049894454	0.04242051470707006	8
98	0.19645972066648504	0.029491061843714448	9
100	0.38387308937085635	0.03495940743115646	9
101	0.5071569027396859	0.0379673383018363	8
103	0.5977542924120174	0.033650300094344714	9
105	0.19540515607317052	0.033350289918689095	9
106	0.4301560549800613	0.032447837577226524	9
107	0.7770209714814215	0.03487945534964261	9
109	0.5797550396346842	0.03892488251667563	9
111	0.3383623379823734	0.04706288277466066	7
112	0.6743206781257597	0.033047299551819474	9
114	0.3687290085671659	0.03739419671580535	9
115	0.7381233347681088	0.03416374409645717	9
117	0.5929330480749104	0.030170780092033656	9
118	0.43361521183280655	0.030468024694857012	9
119	0.39912658642912097	0.03311440911838505	9
120	0.2715773750294155	0.03981100323867318	8
121	0.6185110786922611	0.03484290526509778	9
122	0.44638670741846154	0.03321991414222487	9
123	0.23294327197468898	0.03997126562171782	9
124	0.4687300478759129	0.04663879586951304	9
125	0.40084656160213217	0.04112877926641968	9
126	0.6275856272584328	0.029772541644706028	9
127	0.37402778703259254	0.03442866417001272	9
128	0.42185588963817244	0.030754527116722656	9
129	0.34341003235240314	0.03599257115524648	9
131	0.47075114062671947	0.03772728642288851	9
132	0.45862594023023695	0.027248028273000238	9
133	0.5780364114327698	0.035875364517638376	9
134	0.34168437872573515	0.03699298758693168	9
135	0.5616018220977629	0.03541602925284932	9
136	0.4056650852388734	0.0382082204392675	9
139	0.7769985312606287	0.038937559103135226	9
140	0.43933237978090045	0.0394250649735951	9
141	0.6697370303885258	0.034508415791816766	9
142	0.5658570596814548	0.043056093803742194	9
143	0.24902357849765958	0.05248316523929656	6
144	0.5546760817970453	0.034250707422718296	9
146	0.3781454733841699	0.03351958792368332	9
147	0.3146856938906288	0.04242081470417897	9
149	0.35734484022270985	0.0358528476862647	9
150	0.4231825129507113	0.03328180216079932	9
151	0.3285538717839051	0.03842447705380459	9
152	0.7269363327916005	0.029839639741720426	9
153	0.3985400186717183	0.047446120274233713	7
154	0.29628741660714686	0.06470469851871308	6
155	0.49231864699087363	0.03588992848483276	9
157	0.40675338391593774	0.0401507648254304	6
158	0.4565039124996021	0.04098104728031939	9
159	0.4781078670322453	0.035273239488060056	9
160	0.30099436651388806	0.037541708442317315	9
161	0.32027826711323704	0.03347512427107969	9
162	0.1959195266979841	0.04065639441155712	9
163	0.3141168877276878	0.050627033689875256	9
164	0.39242951000097537	0.037623845183682905	9
165	0.3601572226546511	0.03984919147185327	9
166	0.3533378431831026	0.03858764913855234	8
167	0.45427416290144257	0.03537522365051885	9
169	0.3315261728841324	0.0389868777869796	9
170	0.4889291556879081	0.04278834677937328	9
171	0.6087847447279897	0.028728039598396895	9
172	0.3314518707763004	0.0299918165160022	9
174	0.3088276302993749	0.0336205235490718	9
175	0.4206596527765533	0.03904882178747124	9
177	0.5272650630834439	0.035629928385246624	9
178	0.2750424387745666	0.03528729211037766	9
180	0.751936468178023	0.0462316351136517	9
182	0.7357369686061395	0.028309332518862113	9
183	0.3681114342926979	0.030490351089000105	9
186	0.47910265290392406	0.035786401220364264	9
187	0.15254386159985567	0.033578543749795256	8
188	0.40355675401805247	0.041509137301546796	9
189	0.7780253041996366	0.04045923799883224	9
191	0.17745078109664222	0.035904165695065465	9
192	0.8045150250967119	0.033724704439407976	9
193	0.3223033002120778	0.03322214106834954	9
194	0.6497794090105485	0.05066315831296795	9
196	0.3143492044552066	0.04325637134566582	8
197	0.25366941500401025	0.036504847794289946	9
198	0.6694320600786908	0.035289828698130896	9
199	0.5174735411209413	0.04802639133301537	9
201	0.5012915678975384	0.04519639522753058	9
202	0.6122345860400749	0.032316609843696185	9
203	0.45463060815395	0.03145835653865577	9
204	0.20337589405237294	0.03515962959256617	7
205	0.40809804749497774	0.0436504961619328	9
271	0.20507662207708194	0.04985118632789274	7
415	0.1761524958754246	0.03997646616581916	9
456	0.16922159375326581	0.04194868776079233	9
576	0.24739472413664956	0.059623124241591254	8
583	0.18270242531531944	0.04405500697122619	6
646	0.2839312784871402	0.05828529944673042	9
720	0.20864305172245454	0.04703080154051276	8
923	0.16683859542464888	0.03953415619418971	9
995	0.17981697468662688	0.041598298790304154	7
998	0.24478631727928504	0.043294295012040324	9
1017	0.24673473950115876	0.043150057133678144	9
1052	0.30070009525966945	0.05946647030152335	9
1070	0.17477379981719426	0.04179258130817335	8
1124	0.18690747804976057	0.04670025075175807	8
1153	0.2642179695900976	0.05763244372184008	6
1204	0.25880320031452037	0.059042216962680985	7
1361	0.3296169468061217	0.07073930434260359	4
1410	0.16003420664364945	0.038721596523912764	7
1411	0.21896169467589396	0.05304320406968217	8
1445	0.22638447173320314	0.0523398023108188	6
1459	0.19720360345169616	0.046849439293726605	6
1496	0.14657114892459416	0.0332752103048147	9
1540	0.27475641131929585	0.06273661103992492	8
1552	0.19281009017868064	0.04702353014740293	9
1567	0.19971713637183652	0.049046358441532656	9
1574	0.16062927501740215	0.0399865536723516	8
1582	0.17993709802823737	0.04203551895722972	8
1698	0.2645555901251172	0.05829834386136501	7
1747	0.20175787664263703	0.04631144793985662	6
1775	0.28756597870643413	0.061876529430633896	7
1804	0.14948243685935322	0.035247454417091865	9
1815	0.3101308651107932	0.06261625331299442	6
1871	0.18667045111761832	0.0454906668571079	6
1874	0.2651699579280571	0.05022780130094569	9
1913	0.17609983184434413	0.038293456277665984	8
1990	0.25253567349384004	0.04671696792747668	9
2020	0.3665250922598599	0.06784028050150456	7
2113	0.175846543767815	0.04134232886892176	8
2115	0.18823574282410938	0.04378077172631884	7
2239	0.2975141330445992	0.0622596314418658	7
2443	0.2930852125667995	0.06934076942241887	6
2509	0.14314033482375377	0.03386481544056968	9
2519	0.17886717970515661	0.04395759774899684	8
2614	0.16011657471699745	0.03798535233973552	9
2661	0.201075141272956	0.04438698103198574	8
2663	0.22645221498472037	0.050344673782935244	7
2759	0.17659739843703934	0.042706269428771385	8
2946	0.16612494765651112	0.03486460886354087	9
2986	0.2035586974487833	0.04858654373031955	7
3018	0.24605943175945344	0.05481162960485183	7
3036	0.18831498508680802	0.03672945026784472	9
3041	0.23577035301504556	0.056097968873189574	6
3087	0.29110723628183166	0.07147649313141466	7
3110	0.22147909578128905	0.043261146921886255	9
3302	0.16445384534188728	0.04073253741934697	8
3308	0.1954995085140567	0.04856883712370687	7
3331	0.19174384976941714	0.04575859041071483	7
3335	0.2139573106858029	0.040113663168659754	7
3437	0.3375744797039901	0.07312254266752784	9
3546	0.261114673331408	0.06501056212409441	8
3594	0.16103556084636456	0.03863927968483735	9
3608	0.2746104016885871	0.057770076487570175	7
3615	0.19847114534104898	0.03978647081408639	9
3635	0.1591228794757409	0.03674478802715715	9
3663	0.2179840633541099	0.04685600068831024	6
3716	0.15072993052092978	0.03575091618729423	9
3740	0.23096920161680906	0.04041408280730354	9
3790	0.2431389919683456	0.05396510892421278	6
3867	0.19132239847354424	0.0476200332265944	6
3982	0.19230956051813963	0.043920485564775937	9
3994	0.251193832938639	0.05406231310229754	6
4092	0.2427178785095341	0.05505642013371101	6
4187	0.22061111833685076	0.045962163065219476	8
4200	0.20657958164431817	0.04199793550150541	9
4212	0.2437238269184749	0.05231130098089507	5
4227	0.2026702032848495	0.04506657218735744	8
4296	0.17721312239775144	0.04154708697119626	9
4439	0.22605122097087132	0.04911958482259654	6
4484	0.19836955658499655	0.04566738682495488	7
4492	0.2633302435683978	0.05925734178656099	9
4497	0.22767453386065004	0.0518603237715451	6
4538	0.2505496472043583	0.04053028021554774	9
4570	0.18079130606024282	0.034307317492186296	9
4573	0.23388124371543909	0.05468674260408247	8
4613	0.1902737144275058	0.04295420432562985	7
4747	0.2942930931481082	0.06322520908367366	8
4861	0.2539145767721074	0.05215919635246161	6
4866	0.13250922272310658	0.03237062648835497	9
4907	0.19565482583281654	0.042710044259567745	9
4968	0.2182581252379875	0.05189555742952991	8
4981	0.3436403979407219	0.0733287752423199	8
5157	0.24676118032035332	0.05578569303266957	6
5178	0.29008928923523347	0.05166134418569663	9
5215	0.23881588995903877	0.05778996850627504	6
5217	0.23272624344393383	0.05250629595195715	7
5305	0.3615845628412344	0.09022752004304234	3
5322	0.19725168524015155	0.04729060500201146	8
5371	0.15476568236499785	0.034664542461516484	9
5510	0.21196713405400228	0.045657460981274316	7
5685	0.26227709688130313	0.0610612076987568	7
5724	0.22629609985941943	0.046342594957754675	8
5757	0.2947828229435934	0.058908738827618115	8
5780	0.2952193029142499	0.06189745777747272	6
5828	0.18930837471144324	0.041672352247784386	8
5871	0.23116526949089694	0.03945375741681886	9
5971	0.2715341246065755	0.06651119449508484	5
6110	0.3601680721641264	0.08428465624480311	6
6176	0.26830149811130033	0.06148385789738996	8
6364	0.23507892586106127	0.05351847508280992	6
6442	0.1865387321984851	0.03673114950202907	9
6464	0.1768313190726502	0.033931246881181404	9
6531	0.21063323861706434	0.05080078213924567	8
6554	0.4450469110884048	0.10091404243802081	5
6631	0.13193309925918625	0.032567632120137406	9
6642	0.18696560747629884	0.041626988395297826	9
6665	0.1901134296803291	0.04741313720789104	6
6713	0.19511423518486695	0.0481463769430062	6
6891	0.26632922878156867	0.060849758850788194	8
6993	0.155614235182623	0.036120136803528394	9
7053	0.18232506685688246	0.04107038785857199	8
7055	0.15907229964092431	0.03868172027776045	9
7290	0.21947040693030548	0.04874634639748954	7
7407	0.2491593636308299	0.05823434039531186	7
7540	0.24974947027201064	0.062076703852354094	9
7557	0.2103121137559624	0.046011010057370724	7
7575	0.28585588255018013	0.051612723931369744	8
7635	0.22669662627546913	0.05286523978345994	7
7714	0.15452123177294683	0.03625300001473661	8
7735	0.261846268099856	0.061949109599005917	6
7825	0.1912381457818522	0.046155727605012645	7
7848	0.19031390651548125	0.040070733304920926	9
7889	0.17835188586309586	0.04144444077408876	8
7917	0.2608131339262657	0.059059625939111085	6
8149	0.20728695044504838	0.04556918477590327	8
8183	0.16767394916573647	0.03785437220722937	7
8410	0.2057826619565285	0.0485132027459049	7
8411	0.257723506379466	0.056380443264332385	8
8515	0.17344965924429706	0.041764445528766556	8
8524	0.16907474750765628	0.04028999216362217	6
8666	0.2533083329390579	0.05621196901795543	6
8671	0.3154455373808263	0.06320498082648116	8
8784	0.1620561357418942	0.03971485904748168	8
8812	0.18503799059916856	0.04617141380935346	8
8862	0.25136322572751785	0.05711577794962612	7
8930	0.17796581248578747	0.044123554440859	7
9021	0.20021810088293554	0.04525051594691469	8
9083	0.3638959988827081	0.06590187100152749	8
9155	0.20536789137679526	0.039052901873768454	9
9192	0.24739724163774363	0.06116214760850386	6
9293	0.1567942965219205	0.034477106032701633	9
9333	0.26973571639580357	0.05596200378563741	8
9444	0.23945399364593886	0.05596110757087784	6
9514	0.2955397338693299	0.05571704431416627	6
9527	0.2828433055215753	0.06768227160671461	6
9595	0.3022441200353329	0.06501747466096706	7
9619	0.21645068883487034	0.04672765673394427	8
9621	0.2583553582663401	0.05667829023766164	7
9632	0.23027983948482655	0.04785926865685277	5
9736	0.38447921586354034	0.0831782339548687	7
9741	0.27356323165872215	0.05293296285553871	9
9761	0.22463125687303218	0.048186606636845424	7
9857	0.16611284962581568	0.03996125628516256	9
9881	0.1768971684911337	0.04330400820438118	8
9998	0.16664211634332501	0.038896066426518744	7
