BCID_Bayes	s_mean(1/cycle)	s_std(1/cycle)	called_timepoint
0	0.3641167137080292	0.03399362191071321	9
1	0.5801821610914214	0.030282935759633502	9
2	0.7295839194431183	0.04749849057838609	9
3	0.5592476051589401	0.032872576440768256	9
4	0.7373765285160421	0.033348618396153266	9
5	0.5049587864473278	0.04038689079472025	9
6	0.23653084570526936	0.033332798107049234	9
8	0.4699545529019707	0.033949662011169245	9
9	0.30271261074366845	0.027511770651506447	9
13	0.4332256729633844	0.04022666614521578	9
14	0.5780370102384371	0.03823852619522431	9
15	0.3400692067996889	0.03968066035152524	9
16	0.46246865772780255	0.03650818979417926	9
17	0.5422506935586457	0.03484927966295512	7
18	0.4792288700701085	0.03115558469835202	9
19	0.5182679803821522	0.036747529539608956	9
20	0.48135360440615876	0.03782862483238136	9
21	0.3376304669258364	0.037420607916162495	9
22	0.813039556697706	0.03993937083116324	9
23	0.6233132148085585	0.031495467508999585	9
24	0.5528438411785938	0.039810789521741934	9
25	0.6514475069465463	0.037564202527175024	9
26	0.3464489178670285	0.037108193607270655	7
27	0.458756318120391	0.03580347255596926	9
28	0.4212656471266459	0.04229731415308716	9
29	0.47303644623831176	0.03786745046690471	8
30	0.3026150623012073	0.028991709558276558	9
31	0.257094475666879	0.03264388928988661	9
33	0.6173184192737772	0.04139297429089284	9
35	0.3688181491408355	0.04714239235820063	7
36	0.2361252490546094	0.05585155941711237	5
37	0.1426724487812232	0.03076975591507987	9
38	0.4450330087318278	0.044532407842142165	9
39	0.15490107203523631	0.03600897448221169	9
42	0.4448206387143853	0.04999898171280891	9
43	0.5718206626613348	0.04632574335111271	9
44	0.35155568366513223	0.040186199965155794	9
46	0.457484017910078	0.05101408433264242	9
47	0.41715801094590554	0.04135593979790266	9
48	0.6712648139847118	0.03909231400736165	6
49	0.2738045933203136	0.043355884826692836	9
51	0.42984164508020095	0.038437961435864566	9
52	0.3336370754338499	0.031875681963473276	9
53	0.3176431969898574	0.02888836127293745	9
54	0.4544133661130656	0.03868979050021301	9
55	0.15955244112032196	0.037485262819136424	6
56	0.5806895486239472	0.059209238864276224	9
57	0.33591034474012893	0.02958192444662025	9
58	0.7413058033379604	0.04616342847083214	9
60	0.7187098544487237	0.03539132832059259	8
61	0.34165016863468844	0.03290550057570876	9
63	0.4836112339538778	0.04025677865661341	9
64	0.3808503693051991	0.06274363104279305	9
65	0.4685496303904663	0.044353669482026785	8
66	0.6154884617925314	0.04373791307250483	9
67	0.35695272929946514	0.04059211382162896	9
68	0.3442725064194799	0.030017887436892064	9
69	0.5608710423405633	0.034158966174342484	9
70	0.6518050558678926	0.033833263310251244	9
71	0.8620497911723273	0.030729078114634246	9
72	0.6090732131087274	0.0369668430010481	9
73	0.35530914468914104	0.052041439274527944	9
74	0.37135896004635127	0.02219072999973982	9
75	0.23227457822717965	0.04523738481236851	8
76	0.5505210114514226	0.03897378363575352	9
77	0.6011783654258491	0.038387774035793534	9
78	0.6050637583451333	0.03281501440294026	9
79	0.49603762018606595	0.029962288732564308	9
80	0.500158265569087	0.03213696865240542	9
81	0.1925346327303597	0.03207773196681025	9
82	0.3834210443544872	0.03928826522299641	9
83	0.39723551285592246	0.0548006602722317	8
84	0.5002521567801989	0.0336569890317085	9
85	0.7887006560945107	0.0183480384924655	9
86	0.21462667841178817	0.04476659838046254	6
87	0.4747673963158941	0.03856400030502513	8
88	0.8459413205432127	0.027615744585378244	9
89	0.6891125886929598	0.04305854498409648	9
90	0.464119791829989	0.03027850741627627	9
91	0.34945571751994353	0.039705687721709085	8
92	0.45319445953530957	0.043717328877376345	9
93	0.45991522299293147	0.04641321374463677	9
94	0.52500945697248	0.06008769015964332	9
95	0.7180423986516783	0.060073238057917325	8
96	0.5322281959518363	0.03959987999436384	9
97	0.28256491692904656	0.04292431011993571	6
98	0.18908893326006282	0.02992389995468138	9
100	0.38832359317859777	0.03434031035382895	9
101	0.5102148985185415	0.03774076333228208	8
103	0.5955670773728541	0.033504306863642155	9
105	0.19122565971676764	0.034781663207192684	9
106	0.4251528167060052	0.034045774060575344	9
107	0.7788531665323859	0.031164765471244738	9
109	0.577723782253062	0.036915301636866175	9
111	0.3297331131734105	0.05017532800615355	8
112	0.6829037927474075	0.036274394651047266	9
114	0.3914973942734382	0.03765359856830464	9
115	0.7387019726685404	0.032993349668457995	9
117	0.5938642838742005	0.028931086541798257	9
118	0.43546583099675906	0.0307147837633966	9
119	0.40545485017031624	0.036434117149052106	8
120	0.28779080882963437	0.038751037502914434	6
121	0.6219224484009923	0.035346524673893105	9
122	0.45964181257757575	0.03294721300146914	9
123	0.26377120584149205	0.04610282548155024	6
124	0.4671142101155252	0.046668932559184396	9
125	0.41341866127548826	0.04087062811337048	9
126	0.6154693076308749	0.031258677354012596	9
127	0.39236947046262566	0.03185696170727356	9
128	0.4195619664172958	0.028389749256409188	9
129	0.34336559494962327	0.03357548516111978	9
131	0.47678678037488964	0.037980679456437794	9
132	0.4596368497501189	0.02814494304225982	9
133	0.5878667191723782	0.039518468707006746	8
134	0.3430930087046932	0.03923725533485774	9
135	0.5614796669935764	0.03694795531148963	9
136	0.4308673842136382	0.03794522005700572	8
139	0.7741117573485992	0.050895087621875904	9
140	0.4874958048534353	0.039713633945409284	7
141	0.687442569763738	0.03549918226434074	9
142	0.5788669464112701	0.048366924980807795	8
143	0.24239342820778262	0.05331628628720895	7
144	0.5553431793293494	0.03759210122865561	9
146	0.3733794615211875	0.025553593925960683	9
147	0.31401504636332767	0.039881595412693406	9
149	0.3711212570492761	0.03697111307660626	9
150	0.4163492921563338	0.03173670371631402	9
151	0.3452652274960417	0.03782372568455634	9
152	0.7191439232053539	0.02920004263892348	9
153	0.3941497140837426	0.04553781973001061	8
154	0.2894880431908092	0.06609694518920588	7
155	0.49867076054901455	0.03510509165204822	9
157	0.40267174048953325	0.036642122256104484	9
158	0.4553059175496308	0.04562423397156694	9
159	0.4681812960597946	0.0360171666116299	9
160	0.2870763459465697	0.033392045225402525	9
161	0.3157146826906533	0.0332774103175345	9
162	0.19575490667632517	0.041217832844590956	9
163	0.3199824649272319	0.04861768606799259	9
164	0.38797383252595	0.03910451002982443	9
165	0.3687011100671388	0.04119305987672812	9
166	0.35803390098335675	0.03790120922219169	7
167	0.4541989415717586	0.038647151268674816	9
169	0.34048475985704424	0.041124573114464484	9
170	0.4964926911873219	0.04174580551117274	9
171	0.6137280501893905	0.029210723907338833	9
172	0.33237178226830544	0.028226178825026926	9
174	0.3095589703773355	0.03160219375147426	9
175	0.4164872633223629	0.03715094588567452	9
177	0.5301984673659321	0.03873559679151666	9
178	0.2656120767477633	0.034027957156073325	9
180	0.7607553665538505	0.04864869877023701	9
182	0.7372362314949558	0.029519762892099965	9
183	0.3638551022573044	0.032402808765669665	9
186	0.5032243526319112	0.0333926173345615	9
187	0.14014340697993566	0.030688198648743812	8
188	0.4062964031534579	0.041021283792843914	9
189	0.7952670139353328	0.03720811835450876	8
191	0.19012514622120588	0.03532447537523737	8
192	0.7953254880738913	0.03245770174826023	9
193	0.3146978106230844	0.03697940874978341	9
194	0.6588537473229827	0.04462565512744831	9
196	0.2997206807945624	0.047581813945286065	9
197	0.25684185917150215	0.037115960252020894	9
198	0.6730022715337977	0.0356707338010678	9
199	0.5116317397939363	0.053183687417576724	9
201	0.508720568232825	0.03947617441815057	9
202	0.6048641749457023	0.027460187717434182	9
203	0.44989782049917176	0.03343904474284098	9
204	0.18713725757474595	0.0346377233948278	8
205	0.40983375098320474	0.04990045095527166	9
271	0.2337759422337511	0.055019934476811375	5
449	0.1296550863236822	0.031573499527029404	9
456	0.18605514371295856	0.04604599621144135	9
576	0.2504437594379188	0.05885443500238829	8
583	0.20665067467685808	0.04426500224839009	7
646	0.23104161056471925	0.04713587640595876	9
656	0.15614226314033833	0.03581379913474689	9
720	0.2208161748492088	0.04629501364879074	9
923	0.17558877567259845	0.04021166716268633	9
995	0.17464206931630388	0.04293769196707205	8
998	0.2572090391958226	0.04623409128888865	9
1017	0.24767318787502077	0.045272110364359956	9
1052	0.2790245809348463	0.04995693706820714	9
1070	0.18716929242107916	0.04271051894592457	8
1124	0.19198773062547467	0.04552004121423301	8
1153	0.2573538320783552	0.059009913830913266	6
1335	0.19127091080960917	0.04365889881536762	7
1361	0.26277152727358455	0.06287429808589687	6
1410	0.16466624817608505	0.039899644587530585	7
1411	0.16957229210972216	0.03956502936598117	8
1442	0.1480317278305327	0.03550204654428994	7
1445	0.22301459140322868	0.05565533709854734	6
1460	0.13617375152264158	0.033456551004860086	9
1496	0.1426712932011165	0.03264006281822014	9
1540	0.2841924424116862	0.06347761114006877	7
1552	0.2031691448142703	0.05004673107157956	9
1560	0.21535151735010044	0.05059062756157806	6
1574	0.1578324921755359	0.03935121145831063	8
1698	0.26415939028540797	0.05843890066288983	7
1747	0.19059278022815757	0.04527040192154149	7
1804	0.15480950679545177	0.03647718647499952	9
1815	0.3235881853678983	0.06685697625402462	5
1867	0.19698234181818483	0.04568096809434615	7
1874	0.2564230926589355	0.051370862970531714	9
1913	0.17895102800999976	0.0431986513094414	8
1975	0.10983201879390858	0.016076070426908444	8
1990	0.24906508132951824	0.04618274396945108	9
2020	0.37218372470091826	0.0645496377903586	6
2113	0.19463309007858756	0.038576400885878506	7
2239	0.2999872302006364	0.0679448138961699	8
2296	0.18172411624852483	0.04505916481746981	6
2443	0.2848170553469041	0.06197097249785904	7
2486	0.1775815474274034	0.039505235118339276	6
2509	0.15164496682812534	0.03377856103290572	9
2519	0.2026945235550212	0.048824697596664864	8
2614	0.14517592664551499	0.03437876123011768	9
2649	0.22072847478732846	0.052822189313648786	7
2661	0.21388653624857862	0.04693394390297223	7
2663	0.19305388903226323	0.046924968994573706	8
2672	0.14098714990288183	0.035190106715715604	9
2742	0.22212299997328855	0.05481462215129924	7
2759	0.1489024441650315	0.021766120784150248	9
2946	0.17541552985140252	0.03447624984796515	9
2986	0.23100076717488174	0.05115392513216588	5
3012	0.21380894455130986	0.05217089474848632	8
3018	0.2568283041308802	0.056586674530891924	7
3029	0.1574897234880364	0.037165482933125264	7
3036	0.18935468914441497	0.03646671164208732	9
3041	0.26054498158478545	0.056313533639212085	5
3109	0.2156717727929789	0.053387081705480025	5
3110	0.21793331975796795	0.03853466652045951	9
3228	0.16257746282923213	0.040637435902027126	9
3301	0.1606907423939811	0.04006526260828318	8
3308	0.2234492022871912	0.04413943901082349	7
3335	0.2225135171795674	0.046925942196308836	7
3403	0.14340827303713358	0.02805358807457453	9
3437	0.3442393437153182	0.07337783799418982	9
3447	0.21372528379460687	0.04657963616096059	8
3546	0.28809477695131364	0.06879533577441316	7
3555	0.241868131789238	0.05970307803566881	6
3589	0.2511768344725402	0.06265734035826537	5
3608	0.28593201104122684	0.06225812037267416	6
3615	0.21886178046758478	0.045939982669291876	9
3635	0.1595919693775308	0.037513527544609446	9
3663	0.22886627961076847	0.04769106038439998	7
3682	0.14656935023069737	0.03561389348212347	8
3688	0.20349081381179884	0.05044491363353423	7
3702	0.13404877233308043	0.032235474945175493	9
3716	0.148628932990023	0.03464452359754572	9
3740	0.2272904020446731	0.03868379769923528	9
3790	0.29391773422188433	0.06477504020447725	5
3867	0.18423882149343257	0.04406962439663811	7
3954	0.20484116798497903	0.048944748394562844	7
3982	0.20625658261900842	0.04552888460211006	9
3994	0.27987306633273384	0.06065697980124217	6
4032	0.07652210150560279	0.015989058479815577	9
4092	0.24145548748447537	0.05518003855157055	6
4187	0.2451770991592056	0.049335657293945005	8
4200	0.20791540250233112	0.04218601171140826	9
4208	0.1702646125579374	0.041536737631292404	7
4212	0.24003413007208646	0.054140166510809	5
4227	0.2097908737311118	0.045565848094712376	8
4296	0.17494832821188092	0.04037302404797226	9
4439	0.22627070689396306	0.05059067443381064	6
4484	0.16638466636931334	0.0414460461866245	8
4492	0.23903358780739592	0.058780241365144884	9
4497	0.22275331442486712	0.05180748621380668	7
4538	0.2542204089516371	0.04063718433906903	9
4570	0.1693777264517253	0.03178995077414691	9
4573	0.19254929436503943	0.04787173143592816	8
4613	0.1889092296989785	0.044199976848443595	7
4638	0.15070239363848756	0.03671951970614736	6
4737	0.17954458226277156	0.04472721120222172	6
4747	0.27321292666689106	0.06578689637281948	8
4861	0.25393147678934674	0.054576210744382965	6
4866	0.11563315142299252	0.025436432365837484	9
4981	0.35012917842767266	0.06847183687258081	9
5157	0.25334840778937345	0.05221178612212334	6
5178	0.29401862576978366	0.053282292251351476	9
5181	0.1348188729019551	0.031408140408483366	9
5217	0.2639200892365044	0.053240060048112825	6
5322	0.19670918485261377	0.04820397912900588	8
5332	0.1347957604404336	0.028407476337601854	8
5371	0.16418668154816665	0.03582450519782389	9
5452	0.16894206236613762	0.04210455517408716	8
5510	0.2241110763148557	0.049349829982235076	6
5513	0.12297192360311572	0.028710441882174677	9
5560	0.26050064592223726	0.06160880094757086	5
5592	0.20881643980787443	0.05143304048110285	6
5685	0.2810208440312177	0.0632953462176203	6
5699	0.26731506272546174	0.06501056404891911	5
5724	0.23025654876174503	0.04746912518603141	8
5757	0.3190376739774214	0.06580722028071533	5
5780	0.25464315513430247	0.06279621113756828	7
5828	0.19037230156249663	0.03985577448933618	8
5871	0.23859264353455484	0.03903094391417055	9
6110	0.39824471533737144	0.0875786215517076	5
6160	0.10627445796995007	0.01519750559645722	9
6176	0.3046976683166687	0.06300276225791188	7
6217	0.11518854916152702	0.0168904825009421	8
6224	0.18947737441877835	0.044078417085012526	6
6364	0.22579987956334885	0.05047694058607204	7
6442	0.19998672996260405	0.0333871332512455	9
6464	0.17277830834364896	0.03422044369546039	9
6554	0.3848520194369081	0.09380888289860619	6
6623	0.2246320807413892	0.05368862825659933	7
6642	0.19614947277732525	0.03920344022171297	9
6662	0.19802683944449914	0.044326837444340544	6
6665	0.19496141876712214	0.04830922270147557	6
6834	0.16197750563064017	0.03909703659741156	6
6891	0.27315331859400416	0.059574057030064735	8
7053	0.18983389092128305	0.04479085673189209	8
7207	0.20826422205536455	0.051007641414028054	7
7290	0.23262003648480503	0.0520364795386257	7
7373	0.21431284123823455	0.05027072497152232	9
7407	0.27618277519633294	0.05597296133040752	7
7500	0.27157754445379323	0.0656709921673168	6
7557	0.2199326577719124	0.05001831506725374	7
7575	0.27905147730603974	0.05140358519589313	8
7620	0.17915840989541157	0.044745611282804534	8
7635	0.2501569836791768	0.05589796037977565	7
7735	0.24996804488288685	0.05629119309851746	7
7825	0.19965273646163337	0.048012982907548775	6
7848	0.19573923024654555	0.03832250539059428	9
7883	0.21088966873285422	0.0501541308712355	5
7889	0.20280735624701593	0.043655559049810444	7
7917	0.2652370576898104	0.05759003225943654	6
8074	0.2699254490706013	0.06452152196575002	7
8149	0.1856042778223398	0.04261351473284601	9
8390	0.2350554663684017	0.05749092071903578	7
8410	0.22350247791627734	0.04638657658532071	6
8411	0.2595735408220999	0.05770203232809822	8
8434	0.16065906489926934	0.037020119660360465	8
8446	0.17103620531600985	0.04065279046655242	6
8490	0.16095195420118866	0.03901233230256226	9
8515	0.19535904500176815	0.04185456776923791	7
8524	0.1740298454715911	0.042283809144484735	6
8572	0.24553943632348704	0.05510447001818472	6
8657	0.1720330466456082	0.03744276362842891	7
8666	0.25267679625957074	0.05790099775930339	6
8671	0.31532460314693633	0.06796214027854998	8
8680	0.3524557832410289	0.0864988478071952	4
8737	0.1988158824232179	0.04549243137402194	5
8784	0.16001407488195463	0.03677813556330114	8
8862	0.2582702827967207	0.05807456776710137	6
8930	0.18107522714603844	0.04290013137353882	6
8962	0.18692671053803636	0.04511671161476954	6
9021	0.21325119800162573	0.043806655862749073	7
9045	0.21538175835591788	0.05288982768942298	7
9083	0.3714033831364857	0.0682391851580384	8
9155	0.18575935390647366	0.03182408787305646	9
9192	0.28389061260146725	0.06434353177659206	5
9293	0.1625964289607429	0.034018985541158904	9
9333	0.2671650512095038	0.05565115006300708	8
9421	0.24925689774972107	0.05868446942861232	6
9444	0.22753573376639866	0.055850352951476855	7
9500	0.19419237672670026	0.041208859768326944	7
9509	0.23623813971121635	0.055242563087453525	7
9514	0.2879786545567143	0.05218683527420369	7
9595	0.30052706886533215	0.06688289313508643	8
9619	0.22357144942675095	0.046811756688569475	8
9621	0.27652077140911635	0.05723209709434047	7
9632	0.2256447575977085	0.04839348568715598	7
9736	0.3918847214684377	0.08904154521385825	7
9741	0.27455289948307826	0.056771471003556305	9
9761	0.23942018440783322	0.05020917160062929	8
9998	0.16104279459665272	0.03884277866060278	8
