listID	  BCID	TAG	 k	 a	 b	 s_mean	 s_var	 log_normalization 	 log_prob_survive_cummulated
11	 15	Adaptive	9.368085423951037	 3050.402914018519	 0.4905920386541607	 0.34131926355776815	 0.0014083273014306149	 11.763845048371136	 -3.5718865582910716e-07
1	 1	Adaptive	96.46032637178575	 1194096.5300566747	 0.4852062032063637	 0.585385637358953	 0.00092357355119407	 -8.267855477324844	 0.0
2	 2	Adaptive	41.20869365537931	 1688079.450852906	 0.645837503233047	 0.7298951273681913	 0.00204400011135847	 -8.129904290801147	 -3.614886168180163e-13
0	 0	Adaptive	45.489835793422785	 25780.6881051221	 0.5336438985960903	 0.3623636194797251	 0.0011428397598036663	 -2.595225256010224	 0.0
6	 6	Adaptive	9.80715164416406	 2115.4268936377794	 0.5702005818710172	 0.24093663471583945	 0.001338847079123538	 12.121798519075652	 -0.0006314909473776322
7	 8	Adaptive	52.498550594969025	 78598.4849954913	 0.4675587733588216	 0.47294660051867404	 0.00099839563490161	 -4.303959594375154	 0.0
5	 5	Adaptive	29.30016837425982	 32825.971932345274	 0.6473071693095431	 0.5007515817578113	 0.002004781267177462	 -3.53707614647068	 0.0
4	 4	Adaptive	74.17093264222525	 7315477.3760785265	 0.5197189974346011	 0.7295005147543756	 0.0010975442926931481	 -9.809892822353984	 0.0
10	 14	Adaptive	83.64601234897195	 696024.4829368263	 0.557122551450134	 0.57072546324924	 0.001212852156482068	 -7.655398386386138	 0.0
16	 20	Adaptive	32.81908055751716	 37226.69607599263	 0.5805053806192786	 0.4770999816485909	 0.001542318753178467	 -2.3125612400915596	 0.0
8	 9	Adaptive	39.208676532056955	 15400.692706453452	 0.4536562966561639	 0.3039632531648563	 0.0008314207919225236	 -0.5954133635689756	 0.0
3	 3	Adaptive	1033.1945864022746	 160206.63017242716	 0.4504641062368667	 0.5490632773273539	 0.0009683404306205693	 -7.7022081060572045	 0.0
15	 19	Adaptive	60.8388840041963	 255029.54190662014	 0.5410877289833634	 0.5278546951195066	 0.0012067791545358408	 -5.991724087583572	 0.0
9	 13	Adaptive	22.18644124291302	 13761.621409781732	 0.5166344377655484	 0.4468212251337576	 0.0013755407516626483	 0.850271263333827	 0.0
18	 22	Adaptive	58.794336751762145	 13712937.179566266	 0.7490434346557686	 0.7936423953430581	 0.002321161359395423	 -10.541763672730877	 0.0
12	 16	Adaptive	40.767121431018815	 39805.43033195754	 0.6232345637428607	 0.4504345701009244	 0.001629339628395178	 -4.009007030371042	 0.0
13	 17	Adaptive	99.89374235096376	 723787.7298308018	 0.47601118463570247	 0.5285755665327942	 0.0008776234007555878	 -7.592942583871902	 0.0
19	 23	Adaptive	65.54629502827657	 1422434.4092726654	 0.5014091894102227	 0.6387195131179976	 0.001046672611542724	 -7.647157440828759	 0.0
21	 25	Adaptive	38.30138347509836	 139162.23679447063	 0.41471019326288105	 0.6504806042750664	 0.0011299680031933062	 -4.644193618485538	 -6.557763223242343e-10
31	 39	Adaptive	558.382076112193	 209.33942150663094	 0.0	 0.15010369678984958	 0.0011923734281029216	 101.5982993570897	 -0.08974443440359187
22	 26	Adaptive	16.59569123856836	 5707.7780297997115	 0.4645906641785723	 0.3308442228667414	 0.0009761709070832662	 8.518630567257784	 -1.0447198661723268e-13
32	 42	Adaptive	8.009995544289746	 4315.044430673676	 0.6201647398762183	 0.4452930365472171	 0.0026004959256821954	 5.666123849788249	 -7.023087679399733e-08
20	 24	Adaptive	34.07750582364483	 92865.44027206193	 0.6318227518417325	 0.5474827443526352	 0.0018807459293872424	 -4.202475310999073	 0.0
35	 46	Adaptive	24.112575397858	 22330.233244339503	 0.6600932628402695	 0.46003299319654145	 0.0019740337766444307	 -1.4494315311719719	 0.0
17	 21	Adaptive	7.373965726788119	 2263.2314597849654	 0.5285316601621056	 0.33549941541638206	 0.0015890102013803589	 14.069182551039475	 -4.2911674042252926e-06
27	 31	Adaptive	8.320872392710612	 1788.8106627033314	 0.4221646919134337	 0.25966020585174515	 0.0010583288255459507	 20.33554729848802	 -4.067404430534751e-06
36	 47	Adaptive	10.560629285948597	 4505.722121242433	 0.4941387575988889	 0.4199680660926344	 0.0016652845996145938	 7.22743483526189	 -6.439745423717307e-09
26	 30	Adaptive	12.167877033292864	 3674.6146011163924	 0.45336826074370334	 0.29809174603970634	 0.001028787620775695	 12.245972559132277	 -1.0845069287645718e-10
25	 29	Adaptive	55.274094377186536	 83168.12294855682	 0.6310911883914843	 0.4550146045635007	 0.001543433644785248	 -4.655484258905344	 0.0
14	 18	Adaptive	42.101225773361946	 55726.58975648547	 0.5132159246270785	 0.48511346507121506	 0.001213246025718404	 -3.6114011732074145	 0.0
33	 43	Adaptive	32.066541494372665	 100426.96039910802	 0.5871070398629213	 0.5784959544488811	 0.0018322429281574094	 -4.452359036340353	 -1.2534417948018802e-13
28	 33	Adaptive	40.76347659203614	 181055.86092675547	 0.5393591800192944	 0.6165605688235555	 0.0015147225293893384	 -5.37919735040338	 -3.542721671579502e-13
29	 37	Adaptive	6.53196677213979	 954.4801930176245	 0.38540411431493876	 0.1363863710499615	 0.0007935553075236574	 42.36205459093438	 -0.00010667173853939736
38	 49	Adaptive	3.650134949753894	 520.4009291306808	 0.32041499545713104	 0.2739655211994862	 0.0019103261582892426	 29.725984341986894	 -0.052500663831603525
44	 57	Adaptive	23.382118654569556	 9789.776318729822	 0.4626380843049956	 0.3447058558262549	 0.0010049328636717227	 3.052387807080872	 0.0
30	 38	Adaptive	8.454719760138708	 3509.4050884145613	 0.4575359627942157	 0.4390624512265941	 0.0019360391565308192	 7.753446494405606	 -2.69571175871796e-07
40	 52	Adaptive	11.36459789821635	 3314.1617922908968	 0.4421727411298078	 0.343629469646259	 0.0010714276943404521	 12.534205602935476	 -1.3856153542841594e-08
23	 27	Adaptive	40.71803124036581	 40207.98963252721	 0.49826059711061876	 0.46236865655635173	 0.0011578269319829537	 -3.0863933681662736	 0.0
34	 44	Adaptive	12.353555003816181	 4447.038570513725	 0.5400333104425002	 0.35618862422984277	 0.0014118986345115535	 7.212408344266414	 -3.66684460573869e-12
41	 53	Adaptive	48.51003445002214	 19052.470023822556	 0.5609815869218352	 0.31499670238337296	 0.0011972520091014926	 -2.5737263637776815	 0.0
45	 58	Adaptive	37.873017332173326	 1601475.1571367418	 0.6406927244827979	 0.7352674862678519	 0.0020781985468685425	 -8.078703857351254	 -2.5342505871927256e-11
24	 28	Adaptive	40.41298434201426	 31467.057467706494	 0.5661971127196306	 0.42300631580579473	 0.0013589516383162486	 -3.4637503534285043	 0.0
42	 54	Adaptive	37.18260000665835	 34933.21995190391	 0.6298064533165914	 0.43562621566024745	 0.0016132632118393666	 -2.7245790850963694	 0.0
37	 48	Adaptive	90.59514605550542	 3264202.306839392	 0.5927637415454391	 0.625247272643352	 0.0012898710227187509	 -9.291789417466491	 0.0
39	 51	Adaptive	22.015281225073938	 13596.77164458673	 0.5211926092067156	 0.43014278354914304	 0.0014077233042478756	 -0.029470165419386518	 0.0
50	 65	Adaptive	25.987379062437938	 22178.882100795287	 0.6511387685812475	 0.44564454788196445	 0.0019467522294741254	 -1.8467835915139963	 0.0
48	 63	Adaptive	60.16352852403961	 80819.75875289271	 0.6133968003980586	 0.4620066338210759	 0.0015018288801632992	 -5.488389375279188	 0.0
49	 64	Adaptive	5.758974586782347	 2227.804942355575	 0.8226008192880265	 0.3779505290351549	 0.0034953646647703208	 7.662285542252437	 -3.1647891717115505e-08
46	 60	Adaptive	83.00956565447876	 4979661.019002617	 0.5909987318352827	 0.7039214297899851	 0.0014113984417791726	 -9.68539137767117	 0.0
52	 67	Adaptive	9.456509845978513	 3194.850528823539	 0.5738222414760479	 0.3532940801877299	 0.00179274658832231	 8.01364874745391	 -1.322538487477406e-08
47	 61	Adaptive	21.103665625585357	 8043.015299584845	 0.558094386919045	 0.3411374235764225	 0.0012706847874076152	 3.8563134719140475	 -3.792188785219337e-12
58	 73	Adaptive	7.2357975009564335	 1118.6721378239158	 0.2094184078748887	 0.3575215213176631	 0.0025208101152050548	 5.241977461633309	 -0.013660694279508568
54	 69	Adaptive	61.481421668985185	 375993.1333142739	 0.5125246521467018	 0.5598053691689208	 0.0011116288250727759	 -6.233316376087247	 0.0
64	 80	Adaptive	35.07470655100413	 42983.544722813254	 0.4123786628757857	 0.49348101382276527	 0.0009331170400535615	 -1.9149468389770758	 0.0
51	 66	Adaptive	57.76807112203185	 596704.877233365	 0.5662568272071918	 0.6021495919701995	 0.0013405013428440381	 -6.820905969783434	 0.0
59	 74	Adaptive	36.67760324548215	 18536.82618022162	 0.3235309828721711	 0.38797181399055425	 0.0005993142289487312	 1.0901581759609709	 0.0
60	 76	Adaptive	31.2955050905195	 64372.5798614789	 0.5235793720868137	 0.5432201058413585	 0.0014362107665785743	 -2.9705154877951365	 0.0
70	 87	Adaptive	33.55221594684049	 33310.073472599055	 0.6256749182369943	 0.4425275893546628	 0.0016433813943923287	 -2.312535544584052	 0.0
57	 72	Adaptive	44.6370396834003	 276230.16487707605	 0.5074599914913348	 0.6090457086624769	 0.0012887367963998755	 -5.631808956926866	 0.0
63	 79	Adaptive	79.57875921654967	 279229.96277875314	 0.5101392943127973	 0.4936940876092185	 0.0010125257921325555	 -6.448926918984437	 0.0
76	 93	Adaptive	26.322270919666643	 24535.946906771886	 0.6364680203020644	 0.4450775760469215	 0.001806599438225767	 -1.7827823446073117	 0.0
61	 77	Adaptive	46.63789656851871	 375289.2829258956	 0.4794839507054804	 0.6004877733787011	 0.0010894641706046915	 -5.207518315821085	 0.0
77	 94	Adaptive	12.407733960227027	 10919.923984148372	 0.8620495560501898	 0.506263129688464	 0.004189823668297739	 -0.21661094568396333	 -0.0006816094485763796
62	 78	Adaptive	72.61970764773253	 722555.0759033164	 0.5077780359367113	 0.6073445832721787	 0.0010929458952024045	 -7.564918776224714	 0.0
43	 56	Adaptive	15.703042346431081	 25189.236453661495	 0.7379095481766782	 0.5761100622084366	 0.0034288888574011416	 -2.449791689708608	 -0.0005923913222592868
78	 95	Adaptive	21.679144644343605	 333615.1181125994	 0.8155734159660984	 0.6870971318445476	 0.00392137616446412	 -6.250041331996475	 -0.008821441940266765
55	 70	Adaptive	49.93076959459382	 319732.8909446226	 0.4282157036504365	 0.645447987290706	 0.0010248771137145042	 -6.395376426132274	 -3.33066907387547e-16
66	 82	Adaptive	7.311099725025053	 2380.7440848463125	 0.38440045207145107	 0.3896413718691227	 0.001656954646256142	 12.372995751734825	 -0.00018771020550278734
74	 91	Adaptive	10.230131165353876	 3373.5612378542455	 0.5488739605406235	 0.3341352950341361	 0.0013680077138821809	 10.500651076288268	 -3.04678310902114e-05
67	 83	Adaptive	7.92737799809421	 3198.2655956860976	 0.6822608508281777	 0.3790349322108249	 0.002375362403794505	 8.072831148516713	 -3.120808182120347e-05
80	 98	Adaptive	9.393088327196889	 1837.6741014059812	 0.4266735962617598	 0.19645972066648504	 0.0008697227286697903	 22.182378019260902	 -1.2628576264521551e-08
83	 103	Adaptive	54.475827300822814	 334539.8473344976	 0.48807468871543724	 0.5977542924120174	 0.0011323426964394557	 -6.062210969847775	 0.0
68	 84	Adaptive	58.02045150775138	 163698.425581641	 0.5188563839432223	 0.5023440856511647	 0.0010758207702696938	 -5.336004858779168	 0.0
79	 96	Adaptive	26.382775580456006	 34079.05191871776	 0.5988025710531799	 0.5323077143624632	 0.001964061645638335	 -2.896234361659525	 -3.9479530755748494e-12
69	 85	Adaptive	111.58784565188932	 165976275.49318355	 0.46214531834193817	 0.7968759987823353	 0.0007896959021648365	 -12.730708640223561	 0.0
84	 105	Adaptive	2.5883622412330034	 388.58191138744826	 0.39077413460922766	 0.19540515607317052	 0.0011122418376606155	 80.73865592067186	 -0.006413963860205284
75	 92	Adaptive	18.712644868153347	 15078.360345296835	 0.5144749985159001	 0.45869768725620996	 0.0014896291145526579	 0.9380662225836822	 -1.1102230246251565e-16
87	 109	Adaptive	42.66953449799182	 186428.90034905667	 0.5520304338139252	 0.5797550396346842	 0.0015151464789369996	 -5.408519358725421	 0.0
53	 68	Adaptive	11.875115838864005	 3511.960278007027	 0.3756472817380681	 0.34726731208845885	 0.0010426839366907345	 11.833449611718688	 -3.228145529187503e-10
65	 81	Adaptive	5.000951067210632	 942.1490246621762	 0.5416338801022325	 0.19118340066701875	 0.0011688060834473878	 34.35200840053086	 -1.585693721439669e-05
71	 88	Adaptive	87.0554389053247	 97366530.00516966	 0.5116734426240996	 0.8435583308828832	 0.0010194843303041852	 -12.537359761335232	 0.0
82	 101	Adaptive	77.55862360104656	 346732.3363235047	 0.6319477918640581	 0.4966512650528375	 0.0014842496766243971	 -6.99179906420721	 0.0
56	 71	Adaptive	89.39692381957546	 99360040.62699671	 0.4754759940080326	 0.8666345081748436	 0.0009285120136425107	 -12.542653013542074	 0.0
73	 90	Adaptive	79.98969437419153	 178840.9326095705	 0.5758878019525542	 0.4600305985986279	 0.001258776122312553	 -6.040381682805354	 0.0
85	 106	Adaptive	49.740269123563635	 53098.87454578325	 0.5087052873858461	 0.4301560549800613	 0.0010528621634380737	 -4.185587225096494	 0.0
94	 121	Adaptive	59.56815304745961	 630213.7175204931	 0.5281800202458908	 0.6185110786922611	 0.0012140280473125784	 -7.039821748114324	 0.0
88	 112	Adaptive	83.74280702114795	 4526185.099795097	 0.5292183192210957	 0.6743206781257597	 0.0010921240076676878	 -9.257198055072989	 0.0
90	 115	Adaptive	77.13107317853752	 7159140.12559907	 0.5291459519676102	 0.7381233347681088	 0.0011671614106882123	 -10.062161191708029	 0.0
89	 114	Adaptive	32.09115290520946	 16451.229615927787	 0.582903679377665	 0.3687290085671659	 0.0013983259480203475	 -1.2843609923365102	 0.0
98	 125	Adaptive	20.209133488326753	 10603.789977673234	 0.6267219069632527	 0.40084656160213217	 0.0016915764839458738	 1.4033430303104666	 0.0
91	 117	Adaptive	82.41158655787991	 1791643.313218767	 0.4839966109705509	 0.5929330480749104	 0.0009102759713618544	 -8.148120324972844	 0.0
99	 126	Adaptive	89.88788778229627	 1666621.6130951105	 0.467300919302161	 0.6275856272584328	 0.0008864042359857546	 -8.376204617918486	 0.0
81	 100	Adaptive	41.59307488402918	 25099.838389922654	 0.5574289995337008	 0.38387308937085635	 0.0012221601679375976	 -2.669916730884462	 0.0
95	 122	Adaptive	906.6559438717679	 85331.89130582931	 0.5355708468273147	 0.44638670741846154	 0.0011035626956167918	 -6.3865606450090215	 0.0
92	 118	Adaptive	83.2038876723564	 121526.82171986281	 0.49512919847686615	 0.43361521183280655	 0.0009283005288064167	 -5.345677239796145	 0.0
103	 131	Adaptive	38.97217060823392	 54522.44820665829	 0.5736392659083244	 0.47075114062671947	 0.0014233481408346676	 -3.5540861818899234	 0.0
96	 123	Adaptive	3.4835530885474397	 695.0833168672341	 0.6089802101410465	 0.23294327197468898	 0.001597702075401921	 35.60684519174639	 -0.0002688072437833421
101	 128	Adaptive	42.96993346977112	 34016.83585795923	 0.4628311351823455	 0.42185588963817244	 0.0009458409381732292	 -2.336812572798694	 0.0
113	 144	Adaptive	59.498442568626146	 190656.68830892956	 0.5125070940239015	 0.5546760817970453	 0.0011731109589566502	 -5.823648890309488	 0.0
72	 89	Adaptive	42.64947955841454	 799161.4962379481	 0.5911065717008526	 0.6891018158052893	 0.00171876748340272	 -6.979475619912584	 -4.62963001268701e-14
86	 107	Adaptive	81.61997953731299	 15990130.09647838	 0.5383101280552505	 0.7770209714814215	 0.0012165764054877124	 -10.881394116553034	 0.0
102	 129	Adaptive	20.200432156540746	 7932.944946892055	 0.5481963803879529	 0.34341003235240314	 0.0012954651783654812	 3.122264348030023	 -2.7755575615628953e-15
111	 141	Adaptive	65.98682614321467	 2289234.6736088484	 0.5301601136559438	 0.6697370303885258	 0.0011908307604609088	 -8.319496928780563	 0.0
105	 133	Adaptive	68.3905145550941	 549747.6474266361	 0.5619918346165289	 0.5780364114327698	 0.0012870417792734267	 -6.996633902991428	 0.0
118	 151	Adaptive	17.993564274948092	 6497.075480365996	 0.6052607014910566	 0.3285538717839051	 0.0014764404368583556	 3.2591953862558487	 0.0
100	 127	Adaptive	55.78698289970418	 38131.616190882945	 0.5543213343411773	 0.37402778703259254	 0.0011853329165315174	 -3.7616606347650183	 0.0
112	 142	Adaptive	34.807240724431125	 148851.69090601878	 0.6131623397170475	 0.5658570596814548	 0.001853827213636647	 -4.386516109790986	 0.0
110	 140	Adaptive	79.0371717089024	 154738.45945627877	 0.6551672534044414	 0.43933237978090045	 0.0015543357481721952	 -5.941405753690098	 0.0
115	 147	Adaptive	3.1069546589272714	 780.9209897438716	 0.5052576027310969	 0.3146856938906288	 0.0017995255201662872	 39.913574152045356	 -0.00014315872422897608
117	 150	Adaptive	37.51687935673478	 29668.252123912527	 0.5017512038287623	 0.4231825129507113	 0.001107678355070586	 -1.8951869213123338	 0.0
97	 124	Adaptive	8.003688934947316	 3849.4431507127315	 0.48017281751796825	 0.4687300478759129	 0.0021751772801581067	 6.772318057981047	 -2.7296890095425015e-06
107	 135	Adaptive	44.42420497956953	 217818.7477603166	 0.5261381581225469	 0.5616018220977629	 0.0012542951280386787	 -5.181886559212692	 0.0
119	 152	Adaptive	76.16236424047244	 5313095.918478865	 0.4521233829405201	 0.7269363327916005	 0.000890404099915661	 -9.374080262766093	 0.0
93	 119	Adaptive	31.031142074612053	 19497.17002979213	 0.5002207586788211	 0.39912658642912097	 0.001096564091259783	 -0.6135816581494691	 0.0
104	 132	Adaptive	86.20306706110627	 202871.3999847694	 0.4297187205986708	 0.45862594023023695	 0.0007424550447662203	 -5.988952065680072	 0.0
116	 149	Adaptive	16.21485844942432	 6587.098445055263	 0.5210752821227357	 0.35734484022270985	 0.0012854266872144957	 4.439690717275308	 -6.661338147750941e-16
109	 139	Adaptive	49.12404493392786	 6147994.596330558	 0.5671973163928534	 0.7769985312606287	 0.0015161335089101489	 -9.224892914160412	 0.0
120	 155	Adaptive	74.19745891414982	 180841.20104956845	 0.5816409803726116	 0.49231864699087363	 0.0012880869666464098	 -6.260906009170543	 0.0
122	 158	Adaptive	21.789995168817157	 17807.30797099834	 0.5741611053628868	 0.4565039124996021	 0.0016794462361917734	 -0.46722864025073463	 0.0
108	 136	Adaptive	31.97505726914771	 21619.24482868917	 0.5884561735376451	 0.4056650852388734	 0.0014598681091356586	 -2.047650121726183	 0.0
121	 157	Adaptive	46.33665963634096	 27848.1879298744	 0.6759166983619956	 0.3862787281973865	 0.0016958582906193734	 -3.1453498523094128	 0.0
106	 134	Adaptive	22.32821233589262	 8953.276219816931	 0.5767516734284731	 0.34168437872573515	 0.0013684811306068816	 1.7096835192111808	 0.0
114	 146	Adaptive	64.62961818942041	 52035.326601684756	 0.5422037692773236	 0.3781454733841699	 0.0011235627745735366	 -4.732548160881763	 0.0
128	 164	Adaptive	15.188451850271482	 6665.580471802877	 0.5157255161109009	 0.39242951000097537	 0.0014155537264057393	 4.754882809345751	 -2.930988785010456e-14
127	 163	Adaptive	3.2939727329914614	 851.8390693118038	 0.6476971436278386	 0.3141168877276878	 0.002563096540235764	 25.081088726067165	 -0.009234162664718125
126	 162	Adaptive	2.822959248823797	 347.0089434090744	 0.35113990070147194	 0.1959195266979841	 0.001652942406548093	 49.63524103602776	 -0.11025347216294874
125	 161	Adaptive	10.109785024925383	 2847.9835337055442	 0.4292148705059024	 0.32027826711323704	 0.0011205839449642283	 13.969626789230778	 -7.529624704353618e-10
134	 171	Adaptive	66.34688209556155	 480174.7278378862	 0.4108265686737324	 0.6087847447279897	 0.00082530025916706	 -6.753286630196497	 0.0
123	 159	Adaptive	25.018215480667255	 19908.655161949595	 0.4577098912386297	 0.4781078670322453	 0.001244201423982039	 -0.1893159186052511	 0.0
130	 166	Adaptive	14.457123960183559	 4694.336590208851	 0.5813929743940119	 0.34329657066665925	 0.00151376311754318	 5.34625428550232	 -4.896860694726167e-12
141	 182	Adaptive	109.76001921029166	 21440004.035779092	 0.4592753105899285	 0.7357369686061395	 0.0008014183076635039	 -11.111454416565241	 0.0
129	 165	Adaptive	13.067381692964123	 5359.080875902402	 0.5796610980265362	 0.3601572226546511	 0.0015879580609604235	 5.154743200710649	 -1.920685832601539e-14
131	 167	Adaptive	30.678889239511992	 25946.633085356774	 0.5066456450667954	 0.45427416290144257	 0.0012514064483242285	 -1.4655070114615034	 0.0
144	 188	Adaptive	11.307409542193772	 4955.493940181004	 0.5173607136851722	 0.40355675401805247	 0.0017230084795186635	 5.665909535718094	 -3.5083047578155477e-14
133	 170	Adaptive	33.48785600492489	 51872.20552849374	 0.6373296811025839	 0.4889291556879081	 0.0018308426201119037	 -3.8278203081558067	 0.0
139	 178	Adaptive	6.332846970047249	 1226.4880000372514	 0.3030793491536714	 0.2750424387745666	 0.0012451929844831218	 23.7858724907313	 -0.0005913826292915733
148	 193	Adaptive	28.85767940231144	 10750.246098791009	 0.5193889194926632	 0.3223033002120778	 0.0011037106571653169	 1.0085719913867406	 0.0
140	 180	Adaptive	41.963653866547325	 2400990.772964711	 0.6582114770735213	 0.751936468178023	 0.0021373640852818325	 -8.78396543289097	 -2.394728859684644e-11
151	 197	Adaptive	4.922447102752079	 937.315443204853	 0.45867111501766905	 0.25366941500401025	 0.0013326039124842758	 31.680778561776773	 -5.705505160823635e-05
124	 160	Adaptive	6.85874321968394	 1461.2476507694646	 0.3296693602137477	 0.30099436651388806	 0.0014093798727679593	 16.904940617706423	 -0.0171157572800236
136	 174	Adaptive	12.804704939052325	 3678.799725246223	 0.4583405642954892	 0.3088276302993749	 0.0011303396037136914	 9.371384918152465	 -1.743150068748904e-11
132	 169	Adaptive	12.163902745598755	 4019.918855069489	 0.5762152048522559	 0.3315261728841324	 0.0015199766395768833	 7.232616321689333	 -9.67226299053904e-13
143	 186	Adaptive	60.92840171662435	 171208.62497043837	 0.5669480078822463	 0.47910265290392406	 0.0012806665123048888	 -5.585481152517313	 0.0
135	 172	Adaptive	27.937134710234016	 11752.826769611145	 0.4556951092902237	 0.3314518707763004	 0.0008995090579295423	 1.1691927460275657	 0.0
147	 192	Adaptive	65.95704928080389	 11802694.15088215	 0.4925754578473188	 0.8045150250967119	 0.0011373556895254242	 -10.427848151677477	 0.0
146	 191	Adaptive	4.752561749491055	 816.4345649484195	 0.5909423613403063	 0.17745078109664222	 0.0012891091142587156	 35.51822783429501	 -0.0003524536572230595
156	 203	Adaptive	67.72437189953338	 98019.0337088678	 0.4919492161126143	 0.45463060815395	 0.0009896281961131862	 -5.074787032758141	 0.0
138	 177	Adaptive	52.63025250454131	 163952.23468578723	 0.5496406742545781	 0.5272650630834439	 0.0012694917967378033	 -5.442236724168918	 0.0
154	 201	Adaptive	28.601567363728606	 37993.12163898656	 0.6471845472154127	 0.5012915678975384	 0.002042714141563149	 -3.454584662670147	 0.0
149	 194	Adaptive	37.811586764569874	 306175.8841096726	 0.7239458079120475	 0.6497794090105485	 0.0025667556102448538	 -6.499764895235295	 -6.993695625071339e-10
159	 236	Neutral	2.657420308549035	 89.23303129177826	 0.12810186590109238	 -0.011809439453064147	 0.001859133523106111	 43.65585657967155	 -0.8128675670948674
153	 199	Adaptive	22.03914755959955	 34255.444842825455	 0.6617837298119046	 0.5174735411209413	 0.0023065342644719338	 -3.099065419453815	 -7.132228141669797e-11
157	 205	Adaptive	10.225269468875263	 4483.038691643346	 0.5537033458535354	 0.40809804749497774	 0.0019053658151829097	 6.350802557133369	 -1.360972445941018e-10
142	 183	Adaptive	26.585988486606443	 12726.912738274277	 0.45376792767915697	 0.3681114342926979	 0.0009296615095304899	 2.018762805514564	 0.0
155	 202	Adaptive	68.63374821768599	 1255094.6865780696	 0.4967132512599877	 0.6122345860400749	 0.0010443632717896812	 -8.048440977348182	 0.0
164	 318	Neutral	2.047373290064588	 206.31404652833643	 0.41934247382796963	 0.10340577640290362	 0.001535033157073593	 76.04303181408952	 -0.15645666639736958
163	 315	Neutral	2.417831939445876	 88.89820668548427	 0.11927222131560937	 -0.04649288633631867	 0.001526902927497163	 62.6877593966024	 -1.0897486783907764
137	 175	Adaptive	23.69079071261434	 15138.349514975784	 0.5728364504817091	 0.4206596527765533	 0.0015248104829896885	 -0.07768811217339877	 0.0
145	 189	Adaptive	66.44162604948781	 15248383.223933417	 0.6295509941181239	 0.7780253041996366	 0.0016369499394461506	 -10.736651707364935	 0.0
160	 260	Neutral	2.0821474908965225	 126.07420956367413	 0.2108086889881015	 0.046861812579788394	 0.0011986611865994242	 95.46733307406225	 -0.5393796614435741
162	 266	Neutral	3.986089004317786	 336.9916023389307	 0.23545030821998064	 0.0871515308891818	 0.0009271144750726819	 58.974675057925936	 -0.032103641577268215
169	 410	Neutral	2.2944698316044003	 94.76979546187815	 0.11129994002053115	 0.00911168731538097	 0.001736806043875806	 57.5133256563353	 -0.8496854864720604
171	 423	Neutral	4.55220826362629	 238.65859873077676	 0.15376487738436448	 0.13273388165931654	 0.0035208625896711683	 8.220530174950307	 -0.6602249256765501
172	 449	Adaptive	5.663990924164108	 518.3736092978204	 0.21049507773836387	 0.11978328175800104	 0.00106780048613543	 31.335408118528985	 -0.09401653112938271
152	 198	Adaptive	62.796669962912574	 1575152.4441668603	 0.5300471791518064	 0.6694320600786908	 0.001245372009543423	 -7.651466904965115	 0.0
166	 341	Neutral	2.2432040858302695	 100.94906621436218	 0.15815878929742577	 0.02006023843915982	 0.0014317221189602957	 71.54905522211351	 -0.7471269892383348
167	 380	Adaptive	1.9205573062089993	 149.89517006210124	 0.20793991809924137	 0.17326083821302637	 0.0028991929756567504	 41.036753866621055	 -0.686974133501867
161	 262	Adaptive	2.3147547006632276	 251.29775035489226	 0.38699231453303845	 0.11982530706444136	 0.0012873190727310223	 80.51779765901364	 -0.15158194734828281
165	 338	Neutral	8.323837157150939	 539.1715471931961	 0.18853636117438116	 0.07928749790960701	 0.0015939434230852713	 6.943437626075048	 -0.14032866442485728
178	 584	Neutral	2.1565879799173153	 201.92946932233076	 0.21913739878537347	 0.0850681263948563	 0.0010679799375972899	 108.70391735311807	 -0.054974545360758804
185	 720	Adaptive	3.545843602392647	 333.0480607441599	 0.21979704053435264	 0.2182278816683296	 0.002214877609030229	 26.289914575707574	 -0.2983803463130962
173	 456	Adaptive	2.083755929267166	 278.00133666172894	 0.48317002618037247	 0.16922159375326581	 0.0017596924048524482	 63.79837330009198	 -0.04444812177757651
186	 751	Neutral	3.6581157170258183	 156.72311515903885	 0.13123556053126786	 0.0552500028598095	 0.0014598234593558382	 39.280872227461714	 -0.9054171664329115
176	 536	Adaptive	3.1203525096001252	 276.82627819807595	 0.33624958233895996	 0.12027582473404441	 0.0013068909321159623	 55.164558065512054	 -0.4362113526977084
182	 660	Neutral	2.2125021380526424	 101.44864267945316	 0.14024884444628227	 0.031276331714364884	 0.001585509042645453	 63.19705542308189	 -0.7675475098469515
193	 923	Adaptive	2.0526925538385283	 224.14887403399234	 0.3549896604231148	 0.16683859542464888	 0.0015629495059865882	 70.6858937445536	 -0.09454768181256287
181	 656	Adaptive	1.957384338770327	 196.95203150071512	 0.3411439960003256	 0.14799399556141293	 0.001464217825408905	 87.14391056226015	 -0.2565459620603958
191	 895	Neutral	2.2600356576318736	 110.87431991962148	 0.1728670205029877	 0.10977156287982645	 0.0025728764402004247	 38.88817934629334	 -1.4031489851604482
170	 415	Adaptive	1.812889199878872	 212.54939149858083	 0.3133531886935178	 0.1761524958754246	 0.0015981178471068838	 87.95965202847489	 -0.0880849008137216
175	 526	Neutral	2.252660379935826	 108.61165030330233	 0.16945458064332747	 0.12394248300641975	 0.00491048289678533	 20.048970827957213	 -1.8350521536884454
190	 888	Neutral	2.0007983378977428	 157.92329269920765	 0.30488957871359046	 0.08884210640799083	 0.0013375976086012027	 88.92678057769163	 -0.35291112169582606
184	 694	Neutral	2.1081171504411347	 174.80220079853657	 0.18599454784200353	 0.06753211447815964	 0.001026548392552915	 119.80143291036528	 -0.10855240657665559
179	 588	Adaptive	2.105995462234041	 192.11134526694244	 0.30353537936821534	 0.10987246201061876	 0.0013219880250544987	 87.55187957182642	 -0.10546981813876327
194	 942	Neutral	2.0355458931943327	 128.262489359119	 0.2319498732324944	 0.0282111696113704	 0.0010933392189094572	 112.57000945348778	 -0.9976808977636034
192	 909	Neutral	2.002747506292641	 121.92395877229038	 0.21734082041645628	 0.004210121243171024	 0.0010237113982758438	 120.67077919915238	 -0.4497656843750194
199	 1073	Adaptive	1.9905226015544668	 172.41930723030882	 0.2849878818666026	 0.11172002486295655	 0.0012962723262691014	 95.90823872545708	 -0.40621224788919397
183	 687	Neutral	2.2445159150939724	 105.40720675426894	 0.16252032991182733	 0.03933124329463021	 0.0016613950091264647	 60.81674784417005	 -0.5199470710301127
197	 1017	Adaptive	3.3270672246291415	 643.5864116451435	 0.621956157091562	 0.24673473950115876	 0.0018619274306396882	 32.301739076509406	 -0.019858737889684515
204	 1200	Neutral	3.8850511228854434	 269.64671630789684	 0.21254948459968928	 0.07258421973182158	 0.0016347867602859922	 33.785552584886375	 -0.22996760529490728
202	 1107	Neutral	3.963427830765356	 138.8046064707147	 0.11633345969374825	 0.026287152611293805	 0.0023189235332476917	 20.613703142540302	 -1.3116690615248148
150	 196	Adaptive	7.7810137302108515	 2219.9531303389936	 0.6884618417848235	 0.29636158380842664	 0.0019598944720031967	 11.729351522470516	 -0.0002151171412792135
158	 227	Neutral	2.5195669080465732	 88.97553232578963	 0.11716285850676554	 -0.017829246913964886	 0.0014291657022833856	 64.83489212108248	 -0.9383163693122116
200	 1092	Neutral	2.121912108959644	 198.34903199723178	 0.3744611342663138	 0.09793117162340693	 0.001270548582579494	 90.64579985884146	 -0.17904445308388917
205	 1213	Neutral	4.697989717801434	 150.16243080791767	 0.14669913592737532	 -0.01917708228425946	 0.0014524684526836468	 29.38937918723321	 -1.0319079716638058
203	 1132	Adaptive	2.1014108400355322	 207.81332504361006	 0.2820462958502834	 0.11962773366297696	 0.0012741255564067905	 89.75570850031482	 -0.10571410687965241
208	 1306	Neutral	2.1706819489554237	 122.82124837853026	 0.19830870722475236	 0.12269824382349015	 0.0023408705000304607	 47.9110530987513	 -0.6913546431967199
174	 483	Neutral	2.0157623050901723	 156.20462805030272	 0.2755595746259273	 0.06341324002678658	 0.0010610112316191821	 105.13089685640593	 -0.0761713862055667
187	 778	Neutral	2.1627483292670746	 112.52311305085146	 0.1672778967451864	 0.029303480892744732	 0.0014421300484267314	 78.31692966535098	 -0.6627765044437253
195	 972	Adaptive	1.9337691551440084	 179.57479928799853	 0.2983033767445888	 0.14972356329827483	 0.0016380784259138526	 74.18355537537587	 -0.449084628551885
201	 1095	Adaptive	2.0106547561953207	 150.4408533957339	 0.21355429157796676	 0.14864129646905563	 0.0023233104470879343	 49.35775032463492	 -0.2248908155830708
177	 547	Neutral	2.6925463394283766	 80.94860631820364	 0.11356686549580784	 -0.013284283226471126	 0.0026244361415815654	 31.193054299781217	 -1.5435286000154709
188	 816	Neutral	2.0046425655760842	 148.50583504342796	 0.23096926761058745	 0.07342940270061081	 0.0011531484129060452	 100.71595293667943	 -0.43138122172412213
206	 1222	Neutral	2.096990357363302	 169.51718661819757	 0.24218847183067693	 0.08237767935564053	 0.0011125203814361304	 103.31742571072158	 -0.2056179856870256
209	 1320	Neutral	2.0550297944949123	 140.7765735102897	 0.1895705066654716	 0.11598905288693523	 0.001729976622275746	 65.1596117759481	 -0.21765838381885066
168	 402	Neutral	2.5641170853944217	 86.98348862899076	 0.10812987154353136	 -0.005954496179803596	 0.0021875938319492185	 39.22447614546911	 -1.6239813223462098
180	 646	Adaptive	2.045579095593685	 329.2486715034242	 0.49609797215239165	 0.2839312784871402	 0.003397176131595034	 33.812929259166914	 -0.010654856089947179
189	 853	Neutral	3.7194442756971244	 180.88487143125164	 0.15487397844611298	 0.06271587488728579	 0.0017511282761049436	 32.62720896070757	 -0.5831226502790006
196	 998	Adaptive	2.6119841805044905	 501.9321025518717	 0.5280013424125513	 0.24478631727928504	 0.0018743959805895794	 44.4736674078587	 -0.015797328548570348
211	 1338	Neutral	2.1032019971196174	 127.65153617206329	 0.1651957983015077	 0.05926671806910458	 0.0016018417979694977	 71.15372330780937	 -0.5133725523511017
198	 1052	Adaptive	1.943641135199234	 316.63685275181626	 0.42995093088299075	 0.30070009525966945	 0.0035362610901219583	 36.048877501940666	 -0.19026765132832385
212	 1418	Neutral	3.6154054843973715	 210.23163616613712	 0.14627749997860473	 0.03998317721893548	 0.0013797663667955223	 40.88222032442657	 -0.24153665178654327
214	 1481	Neutral	2.3692577835449855	 99.48606380091324	 0.10760845179993692	 0.056221840610755996	 0.002565045790259928	 34.95996470352144	 -1.3853533890748517
217	 1552	Adaptive	1.9079391261340457	 219.35302630300322	 0.3691788605934352	 0.19281009017868064	 0.0022112123875237125	 57.19231379648195	 -0.1296998751565505
213	 1460	Adaptive	2.648270649749	 333.33026594794694	 0.4867796505349018	 0.13001878234985864	 0.0014044752811517517	 62.46218701298198	 -0.008440647102328381
220	 1596	Adaptive	1.9461378130044387	 198.32397087233923	 0.3537418475805467	 0.13447316193026437	 0.0015637743271443626	 80.27092921787667	 -0.15762620395998758
210	 1329	Neutral	2.1426331681198674	 111.78055729859254	 0.14316965823795333	 0.04959966432010641	 0.0015898303050725549	 70.63850890431087	 -0.586253057114394
223	 1679	Neutral	1.9122221708725193	 161.4821173311159	 0.28791015778057166	 0.07544344599137585	 0.0012004930334287315	 103.45587218450908	 -0.2666121661641616
207	 1281	Neutral	2.4032855748922044	 88.58397957768193	 0.11104131469632017	 -0.007188676155260518	 0.001717961453775517	 56.776596084559955	 -1.1429362682657516
219	 1578	Neutral	1.9079383972395982	 150.75777389385752	 0.24286858423260801	 0.09864403260941014	 0.001141392412615911	 114.69311402150822	 -0.8854763411171415
231	 1856	Neutral	5.1001540227357225	 427.5047407687135	 0.2106442040363159	 0.08660706674702087	 0.0009334603698406859	 43.81956934128165	 -0.08750491434442452
215	 1496	Adaptive	7.899204096351806	 707.3620073867356	 0.1812632502733739	 0.14657114892459416	 0.0011072396208296465	 17.431995634776776	 -0.1140920509301349
226	 1754	Neutral	1.8803783455955576	 141.02936463108992	 0.24101084621157445	 0.1058977688059937	 0.0016622510240907808	 76.44180179405043	 -0.6218914256330994
224	 1726	Neutral	2.0170881519973825	 166.56417466231187	 0.2609502211094132	 0.07739102510026534	 0.0010716290027821488	 106.44717473699458	 -0.1494180749687254
221	 1653	Neutral	5.1050674730550405	 283.3099790531726	 0.16858816618537253	 0.1052887215819072	 0.0013890204353677518	 27.469101429254884	 -0.3028293422585825
216	 1527	Neutral	2.1575520499330048	 98.18087005395975	 0.16184042390177825	 0.007888933756760039	 0.0015085381362602587	 73.02399015076034	 -0.37150093060361095
225	 1740	Neutral	1.980538873518547	 147.01678034117245	 0.22101709207573245	 0.06793573847141869	 0.0011874389706939244	 99.34009014485954	 -0.3701505038134513
218	 1567	Adaptive	1.9747060326394112	 194.9980849250905	 0.2566202108755446	 0.19971713637183652	 0.002405545276375302	 47.14556370438918	 -0.2943947917470868
228	 1774	Neutral	2.219854818629371	 95.99022346013922	 0.10358972135832967	 -0.013239730997997362	 0.0015813077941229574	 63.97716040817443	 -1.0424375715894456
227	 1761	Adaptive	1.985845770650822	 179.1488670002464	 0.2885980084793772	 0.11112126901676195	 0.001248558210940207	 97.88642726944857	 -0.34396871175029753
232	 1874	Adaptive	2.0876570319765935	 291.45798907023527	 0.40490077701757304	 0.2651699579280571	 0.0025228320235272813	 43.64960105013661	 -0.13274662871707185
230	 1837	Neutral	2.2713576556933073	 102.0385964016091	 0.11934335453670754	 -0.031469747029668184	 0.0015901732952278557	 67.34675530541422	 -0.8279297101839486
236	 2071	Neutral	4.517324514537908	 252.8553495705605	 0.24036780042166903	 0.09182869750333988	 0.0018730340347591142	 20.666073543304826	 -0.3162117954719524
234	 1939	Neutral	2.155374442276427	 111.87281975698373	 0.20097282502576436	 0.06580170647892904	 0.0014535893260801652	 73.43945675661219	 -0.7048810669551309
238	 2152	Neutral	2.054244881459828	 125.88333787894891	 0.1935652860462461	 0.08393417817235911	 0.0015009869430481248	 76.85554443365872	 -0.5761472226527217
229	 1804	Adaptive	2.1978050018362603	 259.69578788767933	 0.38271035371205775	 0.14948243685935322	 0.0012423830428849687	 86.93080971490488	 -0.08004265645994772
243	 2284	Adaptive	3.6411331406961884	 240.33805322738326	 0.21728724941454927	 0.17935775620973518	 0.0024708711965642127	 23.09315204736587	 -0.6080012870573642
241	 2194	Neutral	2.0779562454710847	 129.46643431985657	 0.17947224881393062	 0.11024412403249095	 0.0017797892137048357	 64.92870675686393	 -0.8064017845839178
235	 1990	Adaptive	2.0078057001365486	 306.181612485222	 0.415477486796523	 0.25253567349384004	 0.002182475092336885	 52.2344288269078	 -0.08080756241792007
239	 2156	Neutral	2.6476387980231775	 79.45729162762817	 0.09939422109991916	 -0.03981275840302015	 0.0016232247781330915	 52.71606009868707	 -1.929485437017677
240	 2174	Neutral	2.1338682140927183	 120.87699544379859	 0.21706842133480697	 0.017469683580876975	 0.0013431418453906173	 84.89066431891374	 -0.46116215292795704
242	 2281	Neutral	3.446290958135084	 187.0274869432472	 0.18164291929464785	 0.08960818412283547	 0.0014547520938312567	 41.896486239189564	 -0.4267515195428491
222	 1669	Adaptive	1.9097730829300428	 170.51051425641825	 0.2246780109946966	 0.16415663868632557	 0.0025836161972882655	 46.83779778090826	 -0.11776623037059782
233	 1911	Neutral	1.9780349329756945	 145.10971090770548	 0.2347427418874304	 0.04102136518895107	 0.0010021891350927015	 121.62298020469858	 -0.20248904009015792
245	 2312	Neutral	2.0791201391713825	 117.82485273834001	 0.17342428225220843	 0.03810572660886383	 0.0012652857211970171	 96.85787003698151	 -0.5910972271300444
247	 2363	Neutral	2.0220391558591726	 137.7062804932239	 0.22910830280998432	 0.11664030927693927	 0.0019208910024987385	 61.47305308056894	 -0.3047791781604285
237	 2087	Neutral	2.1266308941650838	 117.3505070640903	 0.1616292042098515	 0.04771389628887488	 0.0011120905255789834	 103.60810457420789	 -0.7083768824003337
249	 2390	Adaptive	1.9821020584149724	 183.6484562626631	 0.2635690306470553	 0.15518204412897135	 0.0017410345214910138	 69.36061489955418	 -0.30365648605195095
251	 2418	Neutral	4.178696583442994	 228.78135618616687	 0.2144205569141283	 0.06847110043548343	 0.001318925874882456	 35.14019811040207	 -0.29372145627439544
246	 2360	Neutral	3.2638306810028186	 65.62881945183496	 0.1079579150075466	 -0.11818917719866727	 0.005698852795366984	 9.857091218694062	 -3.260789316537708
253	 2477	Neutral	2.0531923306866755	 152.88945762535516	 0.29997889811240547	 0.07355194464980687	 0.0016598876464112265	 68.47354910890607	 -0.08091252694310454
248	 2365	Adaptive	1.8867440128468045	 172.656621202047	 0.27235581168607426	 0.1701606306817679	 0.0020825065817529245	 61.75628990036137	 -0.1541291360250419
250	 2395	Neutral	1.9787854136788448	 142.11538740585524	 0.26426577658829004	 0.07985261616742154	 0.0012239301001490401	 97.80644751739786	 -0.4992642193604638
252	 2425	Neutral	2.0287374811068455	 136.4609160359049	 0.2402749483285623	 0.06336059411605043	 0.0012806134005143332	 92.92188568570381	 -0.2063707223730508
244	 2294	Adaptive	2.6031978246227707	 347.31149436626964	 0.4633245840272172	 0.12031290172005492	 0.0011322045033075737	 78.91124600182975	 -0.004866192706002676
257	 2576	Neutral	2.0557714779922374	 139.76886899532852	 0.1754770941157424	 0.11540539305866425	 0.0029122411291872025	 37.139133863811836	 -0.6044456501507838
255	 2509	Adaptive	2.1624313834563202	 258.447535936905	 0.35733914518246934	 0.14314033482375377	 0.0011468257248238463	 99.77069690704064	 -0.02663908522389557
256	 2554	Neutral	2.0238416151775485	 146.11832671768627	 0.2916222804342812	 0.07062870910394463	 0.001244392167431449	 99.41549850920296	 -0.14036694581067247
258	 2577	Neutral	2.5132136513261605	 92.25091869467954	 0.11157104388763806	 0.03544234780367808	 0.0018867804133605474	 46.643460783788825	 -1.1619098664525018
259	 2578	Neutral	2.012531811876822	 118.82366246290147	 0.1615199529158075	 0.05840053207896673	 0.001293117151931147	 92.36271208167778	 -0.5761191330707829
254	 2483	Neutral	2.3981260341722908	 86.89345130778392	 0.10615043633751389	 -0.04913468459656523	 0.0011137432019035756	 89.9776617039604	 -1.1764789025943518
268	 2682	Adaptive	2.089206963178477	 198.6722071262696	 0.3528622967663354	 0.11167302826301927	 0.0013243294213222164	 85.01219492055264	 -0.10625321208109867
260	 2596	Neutral	2.0395410451274265	 156.03286967754437	 0.2507420054069818	 0.11782692505062485	 0.0017893358489009465	 60.324434012983886	 -0.5113982524875695
266	 2647	Neutral	1.9398144935855848	 154.80210260633993	 0.3263417534051133	 0.07022121919110004	 0.001409494923207978	 84.04660314936143	 -0.2844926107478519
261	 2613	Neutral	3.0316551946577377	 116.67006201153518	 0.11966018145971898	 0.013854045229746117	 0.002063445802572004	 33.720860472548594	 -1.2325383100066187
265	 2645	Adaptive	1.9972760491870039	 157.12458623606386	 0.24853387289524742	 0.14067626585907028	 0.0018379576601962573	 61.370340296663215	 -0.6977243782114393
264	 2637	Neutral	2.000183280079728	 133.4097500835834	 0.2389216243072848	 0.017252010022518954	 0.001107465483310742	 110.27371591351549	 -0.2867880218081087
263	 2624	Neutral	2.139324921597168	 149.0261808641087	 0.17365615151770805	 0.05257607812581921	 0.00116469566794512	 96.00740967382868	 -0.24107089593672137
267	 2672	Adaptive	2.0052430783807735	 207.46203443820846	 0.3390639485782581	 0.15233242236045355	 0.0015628659642161278	 76.45618031052328	 -0.2808713835193687
269	 2715	Neutral	5.790649364107108	 271.03589091914637	 0.13797042099800472	 0.03729252566340552	 0.0012300014390138295	 24.02166764748576	 -0.4069067525432847
270	 2716	Neutral	1.9883253131948608	 142.13379936805683	 0.27730290412521696	 0.05584967512739445	 0.0013624752911033716	 89.71866804242211	 -0.2146762702862972
262	 2614	Adaptive	2.0742907452887156	 229.90339854467936	 0.3522632096339851	 0.16011657471699745	 0.0014428869923738506	 81.68020656791026	 -0.13904627297245448
273	 2759	Adaptive	2.06512301103064	 233.2657547270459	 0.41146048294014126	 0.17055670225820563	 0.001892871721257137	 58.076438833489306	 -0.46423656209020103
272	 2745	Neutral	2.45479515351945	 95.88995902655407	 0.16349902966535146	 0.015016708743274586	 0.0017546924766757108	 53.18377953220475	 -1.0718841613531727
271	 2724	Adaptive	2.114561472151421	 201.99271735702789	 0.37099254130111614	 0.11475115470083244	 0.001405386198618421	 79.24117127348657	 -0.17756129381730387
276	 2854	Neutral	2.2716817562278537	 96.94342618825428	 0.1589616444905916	 0.01482694306490356	 0.0014559155878788336	 67.66707285214545	 -1.0315153064245242
279	 3002	Neutral	654.7616911111362	 215.19783191963302	 0.0	 0.082196187644012	 0.0010165884151139082	 111.89212119080422	 -0.08241268524919944
277	 2857	Adaptive	1.8731655509124223	 157.1364811961132	 0.2575050874661027	 0.11934608543962748	 0.001447752224069913	 90.56051829317963	 -0.18030306633959212
274	 2785	Neutral	2.0970381597781236	 132.9947445128183	 0.1952210835050701	 0.06730904374341642	 0.0011985901876710241	 95.43148818002877	 -0.5576754918847953
278	 2946	Adaptive	2.272796613234631	 277.23018200546	 0.3325188077211679	 0.16612494765651112	 0.0012155409512076925	 88.59168719399989	 -0.006146385953970869
275	 2814	Neutral	2.3782287748791036	 88.91093377768891	 0.0785515203022209	 -0.019135327298581757	 0.0012060615393853374	 85.0339938354497	 -0.6673510283494415
280	 3006	Neutral	2.018037168183446	 154.95165732719306	 0.27034436801856454	 0.07366411693981204	 0.0011449851346587434	 105.3530667854898	 -0.46509498865668614
282	 3014	Neutral	3.6982180753862735	 172.77312816915486	 0.1855980228593392	 0.07275982587327623	 0.0018510692131939802	 30.089511321501575	 -0.4367697890436555
281	 3010	Neutral	2.1876237211895146	 100.39226679293013	 0.135019287826172	 0.03866000482368904	 0.0014982926588365541	 75.47279652089183	 -0.5879532693651253
284	 3047	Adaptive	2.058860241816762	 215.76284816361328	 0.3985868112456371	 0.1306931563526781	 0.0014483323214770152	 82.14878992148496	 -0.11419796066185188
287	 3110	Adaptive	2.2748272936833525	 345.47073660045373	 0.41116749193813323	 0.22147909578128905	 0.0018715268329970289	 54.53554034031887	 -0.015572999184029048
291	 3173	Neutral	2.0819738584592455	 104.76305515097795	 0.14113666452402984	 0.05196493395652644	 0.0014570709861880336	 79.72056034869664	 -0.5416227228821293
286	 3055	Neutral	2.059564174083294	 122.6427704850054	 0.19631808849275803	 0.09781621805298686	 0.0015252086310219852	 72.71937410911738	 -0.5699011026075596
285	 3050	Neutral	6.476041775443044	 334.42629273268	 0.181411403640858	 0.05959969143623847	 0.0011797889349317826	 23.908240030670978	 -0.4493139748031964
288	 3123	Neutral	2.0808509081500586	 130.97012269656835	 0.1650229395008708	 0.1015478480511983	 0.0016824215060824343	 67.67328164141486	 -0.35513632246595667
292	 3174	Neutral	1.9560755409921546	 154.31702640412522	 0.2701471227205837	 0.10805889227459493	 0.0017153279671909324	 69.55248491562821	 -0.23168849978952974
283	 3036	Adaptive	2.4868308908541565	 379.05940097510586	 0.4280164660144732	 0.18831498508680802	 0.0013490525169780785	 66.95489950404681	 -0.010946871256211499
289	 3148	Neutral	2.0724885532148547	 134.0528107005638	 0.1895240189103546	 0.05356911001058797	 0.0012397270392546002	 93.13447871582275	 -0.3369247422782455
290	 3160	Neutral	3.0455271414211795	 273.8058135033121	 0.29093228219031286	 0.06034490986784069	 0.0008494089968807998	 85.05297976923636	 -0.13344246620854022
294	 3228	Adaptive	1.9049623976961754	 180.35436077063562	 0.2767648528959999	 0.1663092636145313	 0.0019376048109878844	 61.17234285334945	 -0.41287167733384644
293	 3190	Adaptive	2.340067603035144	 270.83944850702386	 0.4318356666431179	 0.1210503242608054	 0.0012263976104755305	 80.59512796405295	 -0.01645215248847509
295	 3247	Neutral	1.9767332176755033	 131.1072157412086	 0.23231327008353034	 0.07064421600403406	 0.0012523242840875408	 94.96070848725059	 -0.519522643239341
307	 3525	Neutral	2.809856980156886	 77.71568822267733	 0.11938546920936866	 -0.05075740405419143	 0.003193882491528827	 24.164072484127683	 -2.4188714176286013
296	 3298	Neutral	2.173930033296581	 208.30003130792178	 0.3283421643695449	 0.10146525927142792	 0.0011859674381406958	 92.27564883703192	 -0.0510664329902676
308	 3548	Neutral	2.030000632749695	 159.81888561159798	 0.3127715504140954	 0.052739953307956736	 0.0012170602981086728	 93.15537497995213	 -0.2779126392286414
297	 3311	Neutral	2.3925833160351915	 91.80739319576453	 0.09748093223424889	 -0.013247938316814568	 0.00134506030116016	 68.55244534309065	 -1.0583393865698176
298	 3320	Adaptive	1.9252635510025076	 170.84924336700522	 0.29326664321461016	 0.12565936304973735	 0.0012547716066103702	 94.44921054167389	 -0.14467484675949233
303	 3403	Adaptive	2.0234619101525113	 201.7542011458719	 0.2765095304599721	 0.13835243423350316	 0.0014063858455295231	 91.46567252387126	 -0.08770088272273925
302	 3397	Neutral	2.0802107020308775	 124.30354522776949	 0.1712579860995335	 0.05604514043561679	 0.0011471938145863534	 101.59376025745962	 -0.4687916643774004
305	 3439	Neutral	2.2604969272206357	 108.13819160575595	 0.15099066171667905	 0.035365149836424595	 0.001311453401258073	 76.54703922836259	 -0.44777162411490173
301	 3390	Adaptive	1.976657772579264	 191.8255351838176	 0.19921425810072826	 0.1234914551173813	 0.0010707217414484176	 117.48104172344219	 -0.2004248870613435
304	 3437	Adaptive	1.8598213927716387	 276.2922949291094	 0.43951061632503624	 0.3375744797039901	 0.0053469062461644285	 22.674450314014422	 -0.3246149226555694
300	 3377	Neutral	2.1653135377356585	 119.11115811192852	 0.16022943023292188	 0.10680398571085804	 0.0022765284473994195	 46.95574037488763	 -0.7466295674057833
299	 3345	Neutral	2.0765050715630347	 143.93598105940845	 0.2110081622257155	 0.16403302455365748	 0.003428247392140394	 32.34079671660494	 -0.9337627295640847
306	 3504	Neutral	2.007703614332404	 133.0969944515751	 0.2651605522585379	 0.06236678211646415	 0.0016578528941304299	 69.23112627551885	 -0.4522596152806362
314	 3638	Adaptive	1.9215557666008063	 188.271707887627	 0.3149060419855474	 0.1418006649446758	 0.0017453774164651016	 71.00552508427704	 -0.3686745332327118
316	 3669	Neutral	1.9912791817680469	 158.63695791993848	 0.22594036122446415	 0.10536357910226041	 0.0015399645222749637	 80.08276001884988	 -0.14521322553650617
310	 3594	Adaptive	1.8467861913250587	 198.14301800232877	 0.3070925316403784	 0.16103556084636456	 0.0014929939345630847	 84.8206659829304	 -0.17879248778797072
315	 3647	Neutral	9.513027093101847	 234.736197796415	 0.1193036895063831	 -0.0029984052250171234	 0.00177643877099161	 2.3788145638497333	 -1.7290893750269272
312	 3619	Neutral	5.323005972468792	 254.67223706214497	 0.15988376185123943	 0.02206314683110545	 0.0011855783606930963	 29.122736534942412	 -0.3298880686352408
317	 3702	Adaptive	589.4312197556902	 184.90559518750962	 0.08969505132043024	 0.13051241289192136	 0.0012234754684674431	 93.62259682957408	 -0.2031038323779061
313	 3635	Adaptive	3.373613915619334	 397.2172775862135	 0.37121557863077415	 0.1591228794757409	 0.0013501794471607116	 48.380764853170916	 -0.05615959006507856
309	 3581	Adaptive	3.6997858467552316	 271.0196078285135	 0.3224330632169267	 0.09066024913903362	 0.0014868647090169368	 38.469916847346255	 -0.3884923844561903
328	 4012	Neutral	2.1215341056427164	 142.16772219963997	 0.23509645788883035	 0.07451629700480678	 0.0011660253361200524	 96.80318116739483	 -0.3767975675680436
318	 3716	Adaptive	3.8857839451347433	 451.4803012691729	 0.33538931244095344	 0.15072993052092978	 0.0012781280082309365	 44.43392057865793	 -0.0639212134749482
330	 4032	Adaptive	2.293953670044702	 269.21195151914947	 0.4325561400698211	 0.10937796169207253	 0.0012912413988050554	 80.46021155287752	 -0.026001492251422332
319	 3740	Adaptive	2.266649312912081	 362.40492962918654	 0.4338229559880926	 0.23096920161680906	 0.0016332980891555877	 64.23153284133431	 -0.009374218877224215
320	 3766	Neutral	2.1512898082936807	 109.19029730344772	 0.15078476131172644	 0.10300423195787108	 0.003532045996865537	 29.560568102959444	 -1.089766664962943
322	 3853	Adaptive	2.280437068579231	 251.32064203224047	 0.3973269943923514	 0.11266477456928328	 0.0012504319264131046	 85.75749316255721	 -0.09437618815969949
321	 3779	Adaptive	1.8953557886988828	 159.98286505347332	 0.26638029109448	 0.1835285426483731	 0.0028282599334990915	 46.50388699454613	 -0.4476569096100699
326	 3953	Neutral	2.1121567577318374	 135.9834162991808	 0.2841697671092687	 0.03253486498604936	 0.0013196385102411837	 90.6521533775715	 -0.13245206015435812
311	 3615	Adaptive	2.8116269885064815	 337.93565030720396	 0.31539781749827867	 0.19847114534104898	 0.0015829632598401483	 50.168028338357104	 -0.04587099936498028
329	 4019	Adaptive	1.8719603098704785	 184.6353486719401	 0.34361380937319796	 0.14364238678149005	 0.0020393576468170195	 61.572244417107065	 -0.13657463137733666
323	 3898	Neutral	2.149078297232032	 117.16222349039637	 0.2032401122569751	 0.11621940011792539	 0.0032492442831787037	 30.955129252898296	 -0.6449538770486807
327	 3982	Adaptive	1.8753940932622897	 204.6232305224291	 0.3148369932547475	 0.19230956051813963	 0.0019290090522456915	 64.47502331166142	 -0.34576486380982446
324	 3928	Adaptive	2.84621162600408	 262.8182123566274	 0.3055771232994115	 0.13609113823315053	 0.0012415364028061393	 61.339537448016856	 -0.0865901464612273
334	 4179	Neutral	2.3468147472172074	 97.14778081460858	 0.10988074593164412	 0.028086654419209732	 0.0015664569491420312	 63.283307417503124	 -1.5603142718470782
332	 4154	Adaptive	3.973537908911823	 244.3590715123099	 0.16776934217959164	 0.15485117625164058	 0.0020989814266808397	 21.88514767419916	 -0.3571418409545958
335	 4193	Neutral	1.9943904094003693	 133.8207264800305	 0.1699853786201303	 0.06011350503698891	 0.001067268893691601	 119.01682171756227	 -0.1807357595888504
331	 4117	Adaptive	2.074804455858542	 212.85578766152514	 0.3074073425384711	 0.11396269611212406	 0.0012420974718455335	 89.94661059390356	 -0.0741605960771794
333	 4168	Neutral	2.170170593036373	 116.50332739639116	 0.20419349679548437	 0.03563496215297133	 0.0014574400675072575	 75.67868985971637	 -0.9170414819859072
337	 4207	Neutral	5.471320737744429	 174.96054746242203	 0.11858623990766226	 -0.010069353293196998	 0.0018407764295515882	 16.201625770136502	 -1.3825329064051908
336	 4200	Adaptive	5.137178633920519	 476.33421423997237	 0.21829054868156791	 0.20657958164431817	 0.001763826586388608	 19.69395576371278	 -0.08007799942928306
340	 4296	Adaptive	1.8384318912871687	 194.60817894816788	 0.33644547516556705	 0.17721312239775144	 0.0017261604357921459	 76.29159331017634	 -0.4069165772191549
325	 3943	Neutral	2.109872439910865	 205.44270533196672	 0.33213423477941245	 0.09649721141189012	 0.001169265163917897	 96.37497615242006	 -0.14722520126337468
341	 4301	Neutral	3.172692007485623	 64.3131395028188	 0.08318441969907217	 -0.16132811330679753	 0.0034262546133803865	 18.99299649918834	 -3.0821718879481965
339	 4258	Neutral	2.0314645704766083	 161.38979666155413	 0.25831369403330406	 0.09064462744139301	 0.0013661243888321445	 82.65131622909082	 -0.25392934302194486
351	 4461	Neutral	1.9966574226069345	 142.28305421147581	 0.21530438415057396	 0.08685528119467245	 0.0011419888027990267	 103.94928378332725	 -0.5428632601041163
342	 4312	Adaptive	1.8845928076040004	 167.9853641796292	 0.2725324023593005	 0.12410170255113605	 0.0015182973846661627	 83.02685606452633	 -0.22186921866051412
344	 4353	Neutral	2.240521458944481	 123.10405484610737	 0.15753223665137786	 0.004041763378661773	 0.0013139746353380782	 78.82287659285507	 -0.30424776726751046
345	 4380	Neutral	2.037471169548351	 128.6420431652539	 0.18774421346139572	 0.11026708399510517	 0.0022490594640828393	 47.74494626880997	 -0.748636737213396
347	 4398	Neutral	6.802868915011156	 304.1486423900615	 0.17314757538067185	 0.1095812902511145	 0.0022943550786946204	 6.007340761152516	 -0.7670721788721573
346	 4385	Adaptive	4.59190662852664	 362.9118043583076	 0.24041996618038844	 0.14859305599922948	 0.0016254879059060265	 23.9186213912054	 -0.15952322415136605
348	 4431	Neutral	2.2704513349880613	 104.15707423074366	 0.15624598474510684	 0.06913938193234428	 0.0026659668920310567	 37.52051986003765	 -1.133170039872926
350	 4457	Neutral	4.246683319400229	 198.69301239643326	 0.1143382023537106	 0.04065885086892945	 0.0019675378596073485	 22.296076835367504	 -0.8017332036375736
349	 4451	Neutral	787.303920142271	 149.4906904448856	 0.0	 0.05860856633499468	 0.0010580426180315204	 113.17029351535996	 -0.1364156773965141
338	 4250	Neutral	2.0242457913885747	 153.96329490078384	 0.28168671650802424	 0.08786487964143826	 0.0016183682763441392	 75.26687521788764	 -0.47613655514612385
352	 4492	Adaptive	1.9440232527138699	 208.25061511965484	 0.3122247175736971	 0.2633302435683978	 0.003511432555609307	 32.15938237925944	 -0.17363875051049993
343	 4322	Neutral	692.2608148852175	 142.8146884238054	 0.0	 0.07050935368624002	 0.0009878030085804805	 125.2222185476639	 -0.17108852206999298
354	 4538	Adaptive	4.104404541477521	 738.5592260494628	 0.44472625892655454	 0.2505496472043583	 0.0016427036143508208	 29.72007449850286	 -0.0019912691122483494
356	 4585	Adaptive	2.062375675951564	 221.7872483918742	 0.3269882435296626	 0.12822335195354898	 0.001440493985064353	 80.0209072496204	 -0.01788739349231722
358	 4612	Neutral	1.9493391806576048	 128.72169612818925	 0.2020201860962109	 0.11324054578465668	 0.0021256081437821786	 58.50782734302562	 -0.821427422379631
353	 4509	Adaptive	1.8628095851660131	 167.62091947877866	 0.2093505063986317	 0.15143285398120954	 0.0015387699311349028	 83.5468868103707	 -0.11682189331028575
357	 4588	Neutral	2.081225236639395	 122.48643520305035	 0.20846596298788544	 0.0670119388366792	 0.0014060097195418618	 80.87655759032974	 -0.5088812686362774
355	 4570	Adaptive	5.25760873787746	 575.9888777596918	 0.22863487339891556	 0.18079130606024282	 0.0011769920335096718	 31.958814373800337	 -0.14922700109980164
361	 4702	Neutral	2.0210711474305114	 143.6618956095719	 0.22414575785116558	 0.08810543135304048	 0.0015888647628525205	 72.50522464507577	 -0.24960554743403407
364	 4826	Neutral	2.063025841190067	 162.47506578320133	 0.2862859554670318	 0.05829834939435673	 0.0012740057285271405	 93.67724702335792	 -0.3658974674473236
363	 4781	Neutral	4.167898213132563	 328.5668600658521	 0.24009435677125404	 0.11822747984019966	 0.0016469983205884085	 28.103339636311585	 -0.07518225542918874
365	 4847	Neutral	2.222127486607658	 105.3561287859685	 0.1483529771375526	 0.006490741465404949	 0.001129432955806965	 91.36163899862568	 -0.542167639224836
362	 4707	Neutral	1.9854421847289077	 127.71559811398006	 0.2496973604988243	 0.07806892780126262	 0.001821766831580729	 65.05729915872715	 -0.4041766544949634
359	 4646	Neutral	1.9389476717703698	 138.83210213519635	 0.17478083885194606	 0.060271113133171295	 0.000982938654862561	 131.35558938563804	 -0.2248169584261516
367	 4907	Adaptive	1.8029635140757208	 211.40198022324475	 0.3307667117109427	 0.19565482583281654	 0.0018241478806542357	 71.58617205295856	 -0.37052516770950145
360	 4658	Neutral	4.893966135319344	 251.23416447015052	 0.14586785639419078	 0.03530348898129977	 0.001136493138975849	 37.65864370885906	 -0.323007130144194
366	 4866	Adaptive	2.120317598395318	 214.1277261942248	 0.31284340971330427	 0.13250922272310658	 0.001047857459248588	 108.05461087275737	 -0.06641650604120615
370	 4981	Adaptive	2.313165989181036	 383.39382966883977	 0.4369170121608389	 0.3414304035473413	 0.005400015947578332	 16.709929693903163	 -0.3277538950243557
371	 5052	Neutral	2.056839800525042	 126.39395972835612	 0.22179923662134063	 0.10714084927718595	 0.001771729121929954	 62.36763169015231	 -0.46632006140308474
368	 4912	Adaptive	1.8959488993704878	 163.99388891842088	 0.21364796056865276	 0.10307731529327589	 0.0011266000096103934	 108.32578638096871	 -0.20375613714684052
369	 4976	Neutral	2.122496527138896	 115.740201342131	 0.11799286803210943	 0.0315332086351955	 0.0012499741510190766	 84.99199345256325	 -0.37785357864711255
372	 5076	Neutral	2.3699431556137585	 102.73487007139609	 0.14356179974737998	 0.033954843428872186	 0.0016922032659797317	 53.6127110314429	 -0.5595338408455092
375	 5178	Adaptive	2.5309308198291767	 512.0265856161013	 0.6130948265319033	 0.29008928923523347	 0.0026688944830730106	 30.276163631313697	 -0.014881467168695352
373	 5082	Neutral	2.0383688607532027	 155.4610383208518	 0.26005295271129225	 0.08029738033515786	 0.0012479705233143434	 92.08717392073055	 -0.24929021966633896
377	 5224	Adaptive	1.920659296404112	 191.3556987039333	 0.30538372744272424	 0.2290041432387029	 0.003671631290174129	 32.6433558072566	 -0.30528123375463956
374	 5159	Neutral	1.9146159434077845	 154.15085315983248	 0.2910910266164692	 0.0425991582311942	 0.00128837551344109	 99.82818658175758	 -0.25116699207427007
376	 5181	Adaptive	1.9078510291638866	 203.987761220859	 0.3314221114534417	 0.15640698331912528	 0.0016256841258737503	 74.47187318115388	 -0.06002528720245487
389	 5590	Neutral	2.0544902953616964	 126.4742042141614	 0.18418399743526978	 0.08316043577277059	 0.0015705742654251998	 69.47980233716716	 -0.6537702525814296
379	 5295	Neutral	2.146008040889094	 111.58612157399223	 0.20731516416957899	 0.025510035892945156	 0.0013836695767023746	 75.92299247077506	 -1.1031709788077346
378	 5241	Neutral	2.1339330454456427	 116.88041760084636	 0.19363633431790547	 0.12989855771987363	 0.0034105391261584884	 32.53073042265721	 -1.5479355770410528
381	 5357	Neutral	2.5239448833773124	 85.2991848317474	 0.11592130525152286	 -0.008559690424943693	 0.0019323305324615112	 49.530312032658514	 -1.1045910129820298
380	 5319	Neutral	4.0256169474052585	 202.3004886675194	 0.21263102232499748	 0.062037047832835084	 0.0018341234377319885	 27.01992921136342	 -0.6877720698621931
383	 5371	Adaptive	3.5093638829590637	 387.3701381162059	 0.31495283806654567	 0.15476568236499785	 0.0012016305040662794	 53.359842961473134	 -0.04921966146669826
382	 5365	Adaptive	1.9276885227766734	 172.58686229058162	 0.24181674528205874	 0.22835564395581445	 0.004421969762874977	 26.23714298478025	 -0.33207916010659855
386	 5489	Adaptive	2.033932610887957	 211.97920958273596	 0.2984677296756906	 0.1079267705724046	 0.0010531372104855483	 115.95255742790405	 -0.0780818653259765
385	 5461	Neutral	1.964266844703236	 147.53889335447997	 0.24455488577369675	 0.08200624854602345	 0.0012865799960773312	 93.59884340558202	 -0.3199522560695623
384	 5383	Neutral	1.9429329009421514	 168.52519241013317	 0.23214363888851972	 0.08455266878831469	 0.00113772684479661	 104.95491168785189	 -0.27226028178825584
393	 5613	Neutral	2.0923377024374976	 134.19634574615677	 0.18696223867027167	 0.07384557162251201	 0.00164089751079586	 67.63472451322323	 -0.5886972275834613
390	 5595	Neutral	2.7163993767527534	 80.37597733240658	 0.09004743950948277	 -0.027322016654117043	 0.002283439286973357	 34.943807343942645	 -1.9067118314813465
392	 5605	Neutral	2.242202400076077	 189.15675591531024	 0.26146347424002225	 0.09098817123565646	 0.0011305836981831384	 94.67895830595563	 -0.23797124160162011
402	 5866	Adaptive	2.066751692330929	 185.96236472208267	 0.26139425936300664	 0.14379351212444674	 0.0014105874139655609	 85.14727210757209	 -0.10310735279756919
388	 5541	Neutral	3.443607262796329	 221.5613953392292	 0.206750953028919	 0.11531860360174169	 0.0014292510524207202	 42.846237693325946	 -0.4058018145535233
391	 5598	Neutral	2.6242317470302408	 80.56989743033985	 0.09271368392135285	 -0.04578618350556701	 0.0020612725764431717	 40.930380254099646	 -1.7429291438942491
396	 5665	Neutral	3.8980627805480004	 146.1845515813443	 0.13867233726011255	 0.02816859203390336	 0.0017130743950796291	 28.724737397685622	 -0.969642702434357
394	 5620	Adaptive	3.6556157471548065	 276.35406418370246	 0.2715610873446685	 0.15917958580925073	 0.0020680604427835954	 25.56322398969442	 -0.574019412071711
398	 5737	Neutral	2.2763612250741883	 96.5118930066928	 0.08592047967665163	 0.010854494460372866	 0.0015401499402830387	 67.85056355041407	 -0.949729429433045
387	 5513	Adaptive	2.020085736916318	 199.77932731022904	 0.35662237123653234	 0.1280630986355869	 0.0014784139672072846	 81.8560117508122	 -0.40849708367390364
401	 5853	Neutral	2.166962192956532	 128.42032965629986	 0.1845210915748181	 0.023309000304105303	 0.0011881471189340558	 90.7405276721534	 -0.16522668778721925
395	 5624	Neutral	2.171095747346601	 118.75040898698694	 0.18737713912707066	 0.0848735852147834	 0.0016206100928247895	 64.1106680928491	 -0.38963272328892845
400	 5798	Neutral	2.1716249053055248	 151.93425383221629	 0.22209615644934028	 0.028590878671250756	 0.0008450494389793701	 130.07077719677164	 -0.18780497315679173
403	 5871	Adaptive	5.279686155411205	 699.3573307000966	 0.2724993048669029	 0.23116526949089694	 0.0015565989743051897	 22.827727779935003	 -0.03755618790000048
397	 5722	Neutral	2.003606924262907	 169.5084033140664	 0.2947375490114507	 0.10628266807721193	 0.0014391287269074	 85.62647037407028	 -0.43538353277632724
399	 5767	Neutral	2.282938868969653	 125.72084529171234	 0.18298568187289815	 0.037627766320793704	 0.0011046855673457546	 89.22155280765159	 -0.6969963672004514
404	 5883	Neutral	2.176484204622107	 168.27668081173718	 0.16883194229437326	 0.10538679077818008	 0.0015395689234417743	 71.57484348472991	 -0.38806512258376835
405	 5921	Neutral	1.9495023457932013	 139.94689562458925	 0.1817171395365787	 0.1349220979103656	 0.0024542815025948186	 48.14685278806962	 -0.46320574421738164
406	 5935	Neutral	5.571305750041207	 225.65564238894837	 0.14011813156428873	 0.10088651109418827	 0.0026586145352858067	 8.485367303797716	 -0.71345656727389
408	 5948	Neutral	2.1399823736297763	 118.92261748832394	 0.12827781919577963	 0.03789151071289698	 0.0012958035613744008	 83.95180845527995	 -0.38814334154562435
409	 5949	Neutral	1.982405910004133	 127.02258301494807	 0.19613729594480409	 0.11874291189224359	 0.0019220441793294902	 63.82992687337584	 -0.6342621311933585
407	 5943	Neutral	3.0579730231032345	 68.42023140373175	 0.09715216601953591	 -0.11604771283497925	 0.0030993325065994883	 22.564403668997834	 -2.4805131772953484
414	 6073	Neutral	2.159103898201907	 136.8254231356167	 0.1789658420142627	 0.05421620718167662	 0.001340491373709021	 84.20260998660123	 -0.4908411231747493
416	 6137	Neutral	2.1104760578207906	 127.48598311954424	 0.2121217332373786	 0.04948634313072129	 0.0015791890451326372	 71.47786217883211	 -0.4785455043753829
415	 6131	Adaptive	1.9858847978663012	 198.19652422964273	 0.3694554438057716	 0.09602310596208238	 0.0010436371637424038	 120.38932215599377	 -0.03962451957841917
410	 5961	Neutral	2.5325048705741766	 87.38475036262378	 0.08983623067972932	 0.012246898364103958	 0.0020891478931784695	 44.62504554514335	 -1.642969573541186
412	 5989	Neutral	2.073736510860658	 119.56097182145469	 0.1826610286961304	 0.03702836958437718	 0.0011987344683224651	 95.60746773487809	 -0.24415313363381297
413	 6037	Neutral	5.824055247431217	 267.955852327019	 0.14597170428607495	 0.128143963270696	 0.0028507852015035454	 6.144366031058644	 -0.8711172784219785
411	 5967	Adaptive	2.4000945424589295	 268.1187949384675	 0.35964097303395953	 0.12869467195121906	 0.00117227072428366	 83.70557196932498	 -0.045595845190453455
417	 6149	Adaptive	1.9944574891710463	 153.00411956078693	 0.2209479120700423	 0.17748185552303347	 0.0028056203262981174	 43.3501876035547	 -0.648126843942663
418	 6160	Adaptive	1.9663342198722362	 178.28019626451172	 0.3078635519128274	 0.12988398659502795	 0.001626219965351126	 74.97923913706788	 -0.2165474062598144
422	 6258	Neutral	1.9228113804030083	 152.03464055704657	 0.25901309323069094	 0.10907126084337801	 0.0015108588973329546	 86.59437603298207	 -0.3705289568907246
424	 6282	Neutral	2.860726140238174	 147.07687163573667	 0.14390783344570512	 0.0662724620923846	 0.001367656888047869	 59.09999101201036	 -0.6253397049328966
423	 6260	Neutral	1.9816061728985672	 137.00597669169164	 0.23492082177456927	 0.06226804029154391	 0.0013809844242930846	 86.94317802365727	 -0.23541184950622557
419	 6173	Neutral	2.119591510702187	 106.88735498458789	 0.1543324287798348	 0.07209048777357784	 0.001947039882767539	 58.64083412253812	 -0.5716665304642661
421	 6249	Neutral	2.1372898511319236	 113.30674300169572	 0.17087482333333662	 0.028521751204392775	 0.0011071163789358098	 100.64288713470133	 -0.44069562117103
420	 6199	Neutral	1.960565834655698	 144.41889130502966	 0.2698922882217546	 0.06536172869678922	 0.0013374761107917286	 87.592440634252	 -0.21888744265842036
426	 6304	Neutral	2.2848369183888986	 116.4679838515394	 0.16325174626093988	 0.06886841864980973	 0.0021630592244804947	 46.78429455064535	 -0.5511135693043592
429	 6448	Neutral	5.711874515931534	 226.26556144766894	 0.14172392766406744	 0.025335888257801992	 0.0013543856961053993	 22.49900050119097	 -0.7340095176002911
428	 6442	Adaptive	5.8175817142499175	 708.8364268607509	 0.2738952301669418	 0.1865387321984851	 0.0013491773437404105	 22.61196934062462	 -0.019588211023357838
427	 6369	Adaptive	2.054973979287871	 181.46771839833963	 0.2504136374651826	 0.14373336369604928	 0.0018507365638233153	 63.05418373132799	 -0.17721406830998035
430	 6460	Neutral	2.1546464189553225	 159.62188100316456	 0.17193121139529924	 0.08348728049467811	 0.0011436133578160742	 98.78391750722369	 -0.24514241263197112
425	 6284	Adaptive	1.9705312268206285	 145.2656507909588	 0.2147608569331428	 0.13212981074638172	 0.0017031797379722562	 73.95606142943163	 -0.7329327877833842
431	 6464	Adaptive	2.9060689531720123	 430.9423693920312	 0.47638016728492427	 0.1768313190726502	 0.001151329514911683	 68.12564476297781	 -0.014132080658839032
436	 6691	Neutral	2.028640732112394	 146.55559818742697	 0.2209988666251696	 0.07363532315964667	 0.0011980181850735738	 98.76531811372041	 -0.3523299029535081
433	 6631	Adaptive	4.519587425335915	 430.8278648633998	 0.2265107807040276	 0.13193309925918625	 0.0010606506619126055	 42.04153713639958	 -0.01744486947623777
432	 6491	Neutral	1.9918159157488566	 149.85974719298787	 0.2267329105072399	 0.08313547178077146	 0.0012126327447106251	 99.20559399107148	 -0.2574835952742047
435	 6672	Neutral	2.213825278710668	 111.52119219385817	 0.14507262669421775	 -0.001310147116552967	 0.0009152969512195707	 116.11792552334063	 -0.5755187299930715
438	 6727	Adaptive	1.9284816123603188	 181.66933942575614	 0.2840698407364343	 0.11897385411017915	 0.0010912733261680874	 112.73165473710769	 -0.16664886491204872
434	 6642	Adaptive	4.460939629047494	 460.6566562957892	 0.2209458875042024	 0.18696560747629884	 0.0017328061628622596	 25.56382888094354	 -0.1276009079752157
443	 6880	Neutral	2.3446912989152886	 95.54766016800383	 0.09816016018709586	 0.0036123265563398335	 0.0012203554503631888	 84.43688953182436	 -0.931819334332074
439	 6810	Neutral	3.9687528782712755	 256.5608248474217	 0.19195131749131994	 0.07820527513972311	 0.001300605314841765	 38.90079517914005	 -0.21993835743391318
441	 6852	Neutral	2.621206234957081	 81.76910813308832	 0.06911681955821203	 -0.027050306816344807	 0.0018699958496164071	 44.22020096608849	 -1.5959356721627034
447	 6967	Neutral	2.519537437999294	 87.95065183178268	 0.09655826916559017	 0.011648362353957827	 0.002400866279683432	 37.769359374170335	 -1.4307461065982812
440	 6827	Neutral	2.394247651633193	 95.2982709399327	 0.13916501303988327	 0.03727562653695567	 0.0023672102271247125	 39.95030132387026	 -0.8672217337079049
437	 6715	Neutral	2.1423199292348865	 134.76321655878186	 0.17891271937951694	 0.03962326526603973	 0.0009207488392459302	 116.52603286483345	 -0.3864754016778982
442	 6871	Adaptive	2.1773258026241593	 190.6475095478056	 0.22193177729298583	 0.1057316448597676	 0.001135431765066511	 99.10317674856039	 -0.14697057204647695
445	 6911	Adaptive	2.1231344160369576	 236.31144957605298	 0.4133639912586401	 0.1091488943485819	 0.0011582287802329554	 97.21632279802817	 -0.2540503084765179
448	 6971	Adaptive	3.916865527052409	 372.1422260230983	 0.23668900290567746	 0.1086183442182345	 0.0010507929716352992	 52.656994092317845	 -0.0965345104624962
446	 6958	Adaptive	2.045792824187351	 147.25810867477875	 0.18500283218835673	 0.1193338976978378	 0.0014582451476819176	 79.34092044522077	 -0.2068714820547781
444	 6887	Neutral	4.7932137817086655	 169.65528232599144	 0.13358469235661524	 0.0010966772732838327	 0.0015092801172255242	 25.595345132538107	 -0.7084019715897156
450	 7025	Neutral	3.214830543424372	 119.36388952518729	 0.13272386656041218	 0.048214868838962	 0.00236388128413847	 28.246841768355836	 -1.631210365028816
449	 6993	Adaptive	2.089152669159802	 254.87431791954734	 0.3620485792676174	 0.155614235182623	 0.0013046642827056064	 88.08442888160708	 -0.009812662046953625
455	 7085	Adaptive	4.915463492301744	 338.6079910643279	 0.2519917088656847	 0.1782577014737358	 0.002568606905784636	 12.59565396853256	 -0.2689155822961908
451	 7039	Neutral	2.2097511876507236	 123.17915031497644	 0.1998659664626327	 0.06255481962975752	 0.001509491130802796	 68.66514114520129	 -0.5809984384809662
457	 7200	Adaptive	1.8881240930023164	 166.7742742459266	 0.24469061478410564	 0.12427600049809541	 0.0013815076240854738	 92.76170318612064	 -0.18273088787811134
453	 7067	Neutral	1.917350731651884	 142.585376239902	 0.23783768790054927	 0.119992807608623	 0.0017216547359922671	 71.14384828663978	 -0.2879743628111555
454	 7084	Neutral	2.054727613944023	 133.28005974244462	 0.19064689599739562	 0.06390549106362405	 0.0011600945559258708	 93.25832371625685	 -0.40131259184352785
467	 7409	Neutral	2.0544892894434703	 134.45034911652198	 0.226334830891734	 0.03526223203691502	 0.0011670917092404143	 96.1149542703161	 -0.2988466550602409
452	 7055	Adaptive	1.9302516404067194	 200.13424579329887	 0.33192424930480363	 0.15907229964092431	 0.0014962754836469038	 85.7400646947693	 -0.15311252554508917
456	 7166	Neutral	2.18426205353626	 122.99991197282408	 0.2145411384120846	 0.0201968222326619	 0.0014854999714763598	 67.14353502940891	 -0.4332556658042753
459	 7209	Neutral	2.8933426058373284	 222.09949318408977	 0.16299165716348304	 0.10019594489272711	 0.0011132904587985496	 73.73682458742024	 -0.15075903510674593
470	 7540	Adaptive	1.9839286004335355	 206.33503017930212	 0.29306536037925257	 0.24974947027201064	 0.0038535171611728735	 29.467641580147642	 -0.3969325508179958
460	 7228	Neutral	3.54501318154029	 189.1138826150567	 0.1795321533713396	 0.0699349937961543	 0.0014833120456812245	 39.40320705282673	 -0.6523462253515853
463	 7341	Neutral	2.3163570674260696	 104.14190384458341	 0.1250366606228212	 0.045022763361271485	 0.0016607966312069142	 60.26958398790881	 -0.7854108365117082
461	 7280	Neutral	2.076777291712527	 141.5561585854152	 0.21307686105858442	 0.08224705499009846	 0.0014478979850291466	 79.1030155813842	 -0.3105041248707987
458	 7208	Adaptive	2.1328982922289	 214.9209395759571	 0.33978654497688265	 0.12796295513997766	 0.0012559375868875775	 91.83066288337142	 -0.12258242695547916
462	 7298	Neutral	5.288798198464989	 178.4811069725234	 0.12664937112239372	 0.03862640257040911	 0.0018612244905073314	 16.9937696738662	 -1.5337171913460406
469	 7507	Neutral	3.8852793598419746	 251.93879829759794	 0.1721466440956404	 0.1036513311743685	 0.0018294350027092598	 29.802080255151413	 -0.49595025243993546
465	 7386	Neutral	1.934164621448684	 133.6593305462034	 0.18375562404393672	 0.06822806192667187	 0.0010652466898664651	 116.97896070370959	 -0.3132695644965665
468	 7418	Neutral	2.071083201583151	 116.30784439276545	 0.1444168698303377	 0.08504149607947466	 0.002068550499159108	 55.3281366145786	 -0.5807659439689622
471	 7564	Neutral	3.918775593451342	 155.40349428053207	 0.15398046460172599	 0.033925518859702866	 0.0013448303059555272	 38.52521893891565	 -0.5213108346699765
481	 7829	Neutral	3.6037848702450397	 103.39780258261071	 0.10845845039461223	 -0.01030115511732501	 0.0021652945953449846	 26.178908951361574	 -1.5244788310556956
466	 7389	Neutral	3.642973491806503	 200.62025126190875	 0.1879487212224461	 0.015099896714991306	 0.0010545903855045309	 57.02910510936762	 -0.1390074258732153
472	 7579	Neutral	2.9307153123346317	 152.71062640209598	 0.14114073688506856	 0.039527050464816624	 0.0012497262036514573	 63.536586174234436	 -0.3934064718660391
473	 7619	Adaptive	1.875759644654549	 177.9312416860557	 0.304589937375004	 0.14502292382743495	 0.0015582945772039634	 82.4391237103516	 -0.1703640686376127
476	 7638	Neutral	2.1252110803913107	 111.21965557836086	 0.19558743297087683	 0.04449882224168166	 0.0013566995970238221	 84.32977234865729	 -0.6934712624376269
474	 7620	Adaptive	1.8779405934155462	 196.71321593924262	 0.2820062399244568	 0.17364357621847956	 0.001984412457869293	 60.92421071056201	 -0.19376084756332598
475	 7626	Neutral	2.013323213191618	 129.06573426781802	 0.22855984386472789	 0.07527935483693284	 0.001238177700704961	 95.27029439098445	 -0.3072494313204425
464	 7373	Adaptive	1.8652788385715322	 200.63338951610712	 0.3687440946276828	 0.19696924100306468	 0.00271958704252016	 47.71923990077893	 -0.21672960995941823
483	 7858	Adaptive	2.8732075304192928	 298.81493478635565	 0.3030889464146896	 0.11443708018836646	 0.0011715622177808382	 70.45526874691129	 -0.018786610466200268
482	 7848	Adaptive	2.269173975168351	 321.5354219201704	 0.465566299053755	 0.19031390651548125	 0.0016056636675940994	 62.46143216533923	 -0.059530374968438424
480	 7772	Adaptive	1.9520445063506902	 156.19608830938836	 0.22478253286187813	 0.13153794412088618	 0.0015253011459779088	 80.22078078371072	 -0.35299683171676355
479	 7771	Neutral	2.1214798506250703	 138.3854656462375	 0.2293447106173688	 0.16286425404583038	 0.006289147894916224	 15.406919101882664	 -1.557679048810332
477	 7652	Neutral	2.056016041513029	 159.69240421354502	 0.3210626177796069	 0.06051000939767578	 0.0013253000663977841	 89.80942413091758	 -0.2592011620495676
484	 7867	Neutral	2.289733942934226	 161.47827333974593	 0.25296110585719617	 0.022504850659962387	 0.0011433654370970043	 91.55662563515783	 -0.1320897462905728
485	 7915	Neutral	2.4334621583180764	 94.14625438917757	 0.08773771770843451	 0.030805443481876693	 0.0022752409624462516	 40.52627134858706	 -1.2596172089738027
486	 7955	Neutral	4.104939607657283	 296.27815754531406	 0.23357763816957422	 0.07958154519906577	 0.0012101771286427481	 41.97773861296215	 -0.06297001871193676
487	 7983	Neutral	3.4074537446475586	 219.2735047864742	 0.2193654608705616	 0.07856438471729205	 0.0012134590418062317	 54.0248350297446	 -0.25872352495141737
478	 7769	Neutral	2.1876746276681014	 121.03436912988757	 0.2084985119824227	 0.06999487520230703	 0.001651118605017269	 66.937908574066	 -0.9398565670868544
492	 8123	Neutral	2.1113426488554903	 144.6465251232221	 0.21430811680668913	 0.051111053237778446	 0.0013303714007715506	 81.71906164836614	 -0.12189473398565374
489	 8009	Neutral	497.44919108428894	 105.95744379606249	 0.014467281767059262	 0.08870091971253964	 0.0010751753664208319	 116.2143882756209	 -0.0885026001523223
491	 8103	Neutral	4.729866243352018	 289.6016073439727	 0.17809211529804536	 0.05693573067743357	 0.0010958359993401986	 41.94026522658304	 -0.2486368280799905
493	 8149	Adaptive	1.9499796935820126	 240.96967291974383	 0.35124477740707666	 0.20106112011941385	 0.0020832607670600565	 59.499418311825636	 -0.05097732938856547
490	 8050	Adaptive	4.160966548945606	 263.69647218728153	 0.21249150814692633	 0.132516278298616	 0.0015690130594657376	 32.83941058132214	 -0.5493640789663561
496	 8265	Neutral	2.8459184070718284	 224.65038444135033	 0.25641187372104657	 0.09563182770556435	 0.001225451062530564	 65.5081968152987	 -0.4209568532576972
494	 8238	Neutral	2.288920828554064	 103.4638060121799	 0.13315431616092616	 -0.0074135167647699065	 0.0010687394493374461	 97.03535956012405	 -1.11973420976137
495	 8257	Adaptive	3.994747009765169	 349.1255479852169	 0.2728395391024673	 0.13458955001117176	 0.0014201183396182467	 37.77171480705147	 -0.2226970622881602
488	 7987	Neutral	2.0442064309386496	 166.6936302196564	 0.31775224409099084	 0.09293295866747503	 0.0015024941203087426	 74.85667320538401	 -0.2203166573342309
502	 8338	Neutral	2.040357863250957	 113.75545329012968	 0.16188670842873837	 0.03575888295573968	 0.0013154952483631533	 89.28917394381551	 -0.4827606316094322
498	 8296	Neutral	4.092199571455664	 220.78450595498836	 0.22330336782767124	 0.08580586936791312	 0.0017641028842166429	 28.3331124964053	 -0.9014330903319819
497	 8294	Neutral	2.512865601930827	 90.43255641524726	 0.12524120304390426	 -0.009986893229979458	 0.0031093563586962972	 29.02031963877804	 -1.190195086165708
503	 8339	Neutral	1.9758754083631234	 155.669221657079	 0.28774846789617536	 0.10261668467009108	 0.0017980249259346415	 67.56488739109886	 -0.6573244823912476
501	 8334	Neutral	2.123118963198232	 212.31539618063425	 0.42992353005449724	 0.09434931646906498	 0.0014289001105385183	 75.21316138351972	 -0.16960549215562065
499	 8327	Neutral	2.059567111427204	 124.42095790749484	 0.20739904246885082	 0.054143113216009786	 0.0013629493228802965	 81.32799944203128	 -0.47288447686735224
504	 8341	Neutral	1.994449724856906	 158.55275844466826	 0.3456599234609963	 0.09537169917099671	 0.0014645180927387212	 79.0637106418393	 -0.1589057549350455
500	 8330	Neutral	4.000221093905635	 249.32753337787886	 0.21504456250147694	 0.17510847322414927	 0.003408514638703224	 12.05831351028432	 -0.5400496865239791
510	 8548	Neutral	463.21402290685205	 140.20617188782649	 0.0	 0.07281179642631276	 0.001095291822365695	 108.7556177388489	 -0.1520409992169582
505	 8363	Neutral	1.977500402048762	 138.34134374735862	 0.17049918103368555	 0.09362008231332697	 0.0011555313206790337	 102.98655854202204	 -0.39697481975020765
508	 8418	Neutral	2.052997407771575	 138.9203197587962	 0.2317762915528069	 0.10004126302502427	 0.0014267395975067893	 82.74690056739715	 -0.21057536890509557
506	 8412	Neutral	2.0691743231432485	 135.5880634778696	 0.20206777236940693	 0.032345249159715414	 0.0011555085700160421	 98.54368315608673	 -0.41056782596962693
507	 8416	Neutral	2.307983654939149	 103.27739045634924	 0.15325242057202243	 0.08019541427795518	 0.002627953751946088	 36.41052884790183	 -1.080868509608031
509	 8490	Adaptive	2.162002192722312	 237.60456930570132	 0.39476494618748426	 0.13556117766314135	 0.0012184759866839092	 94.87449214977308	 -0.060767648200611035
512	 8667	Neutral	3.8280802066050748	 282.84320198152346	 0.2142857622779368	 0.10325204436288282	 0.0012072248023670513	 45.44356993789833	 -0.25262251529952834
513	 8696	Neutral	529.5666560935535	 159.9493133908218	 0.0004426509196057138	 0.08543143754422511	 0.0012503703371103524	 97.84672925708394	 -0.23688036755385528
515	 8743	Neutral	2.37542653531009	 99.60781994050696	 0.1560895546998365	 0.04460588111352452	 0.0020821869224506117	 45.64570311894682	 -1.1671651543428314
514	 8710	Neutral	2.2135227671909115	 105.99544753643175	 0.138049332194568	 0.036636586585650686	 0.0012643965843930852	 84.63661461628149	 -0.6957795550062787
517	 8851	Neutral	2.042334159105834	 115.23331026498477	 0.19598735765372421	 0.052395402378063456	 0.0013811471898609827	 84.94058638697774	 -0.7384116142404902
511	 8551	Neutral	4.77149081191685	 385.0621806497415	 0.23287171547534455	 0.13397804931034335	 0.0015487152640467608	 26.23148880392435	 -0.17352894846702344
521	 8873	Adaptive	4.34217903163756	 314.4009870739665	 0.22227491266219404	 0.12381196166388758	 0.0014209801584425118	 31.717101598095788	 -0.3038515108905715
518	 8856	Adaptive	1.9717081510359882	 167.56274408369748	 0.2191202763565396	 0.19971706794230204	 0.0035308738003353496	 31.34352249041135	 -0.3234635965079997
516	 8813	Neutral	2.14795188359707	 112.52546066500015	 0.14563886800530454	 0.09476115306765377	 0.0029476890082204294	 37.851460653099366	 -1.5429050737441707
522	 8911	Neutral	2.6243507207573495	 86.21165088410073	 0.10955714809556145	 0.0029869989127876534	 0.0023635502452634964	 35.72279300551169	 -1.5945903552224445
519	 8863	Neutral	2.0830955289477164	 125.31258123785011	 0.15003743774509995	 0.04737511366591051	 0.001138133368001239	 99.86435330483931	 -0.4359428189961731
525	 8972	Adaptive	2.0325440613372736	 167.59593045611547	 0.2225192409865807	 0.13297042308793808	 0.001906301010960758	 59.811830048580646	 -0.6322233101943631
520	 8871	Neutral	2.049584471107724	 140.37191204752273	 0.19382940823043449	 0.06338380039665473	 0.0013089223451276208	 88.38311203427668	 -0.43085349399840656
524	 8963	Neutral	7.841810382999483	 180.76002256199072	 0.10400374178373177	 -0.030263658315060907	 0.002224817961439042	 3.767034599167454	 -2.4894124874301795
523	 8922	Neutral	2.0814492288640754	 125.22544734671604	 0.17122231021368606	 0.0817825493628103	 0.0016051630167188962	 72.40199419914087	 -0.591500029846712
526	 8996	Neutral	2.0351803158533595	 120.74013968784159	 0.1689693332951441	 0.04752666232383376	 0.0011281104196221492	 101.76485851836178	 -0.30106969775007975
528	 9062	Adaptive	2.002132914038355	 180.0359315883263	 0.2996931448620079	 0.1485961991983017	 0.00183915659042328	 63.718103798529455	 -0.3542962548504447
530	 9132	Neutral	2.043874931910402	 145.73826401031974	 0.21069423711665167	 0.06914874753307107	 0.0010976676118590691	 107.38229994448953	 -0.1939153631987902
527	 9043	Neutral	3.2276261920037075	 121.86350963216417	 0.13292021423351996	 0.030058411021018708	 0.0026362371915530304	 23.193698715274337	 -2.057092855694097
529	 9075	Neutral	5.572055856301213	 416.6873291443341	 0.19549736764830858	 0.10689703404908098	 0.001170450732408656	 30.047973934086865	 -0.15293712469265874
532	 9183	Neutral	2.072432230675414	 127.3585891159222	 0.242418393995417	 0.07029304425497136	 0.002098082726555505	 53.81782560331964	 -0.9185373652107783
531	 9155	Adaptive	2.3257935742249924	 345.3430944427718	 0.42005120851031125	 0.20536789137679526	 0.0015251291447621878	 64.36604168834516	 -0.015414161875641624
544	 9461	Neutral	2.629354517145836	 80.67266660434169	 0.10071098571497324	 -0.06396127970002459	 0.0016644940082947855	 54.958908309537364	 -1.214250371412438
535	 9271	Neutral	1.932939608304369	 155.16607429445375	 0.3102657367697159	 0.05008652906163087	 0.0012430634563992125	 103.76129939569273	 -0.10430907763608378
536	 9284	Neutral	1.985456096148373	 149.2823767189969	 0.17317718814862668	 0.10771609997755409	 0.0015467625350908396	 78.71544641337712	 -0.38096365567977086
538	 9295	Neutral	2.0177418847953037	 142.34245740470595	 0.2120345404870758	 0.07492934412178794	 0.0010824800845758741	 100.29475829183184	 -0.35361995819972436
539	 9349	Neutral	2.183679419069883	 113.64627208773138	 0.15648924580039025	 0.06933614751756777	 0.0020520438252061815	 49.80431725880061	 -1.2100059645691346
534	 9266	Neutral	2.051065178847971	 116.74962402636245	 0.18535492133455217	 0.02262163225153388	 0.0011199192030919257	 104.28899532090196	 -0.801489036699906
541	 9385	Adaptive	2.028631015261568	 137.67129645250492	 0.22288688252954694	 0.13764619196771788	 0.0019720765318584437	 57.647177624326005	 -0.5635258422063317
533	 9240	Adaptive	2.8683039717451004	 275.52048230418666	 0.27773684037542995	 0.12857315391210383	 0.0012359050543229394	 67.23011720890015	 -0.02603391451376285
537	 9293	Adaptive	4.143104990910093	 495.53237791961175	 0.36551869300982953	 0.1567942965219205	 0.0011886708403901515	 42.88172253154093	 -0.009278580037403433
540	 9376	Neutral	2.2639905173206545	 106.59337849519163	 0.10863785146962267	 0.06815838906757957	 0.0019226464385642486	 52.97573767967072	 -0.8277745766021789
542	 9411	Neutral	2.1108964159563497	 152.0166674337027	 0.2138420215228806	 0.05621788638837693	 0.0010925200165886725	 103.90912973475658	 -0.16469441749985725
545	 9491	Neutral	2.18851254120592	 117.06259960141037	 0.1541057829261422	 0.03337182981478358	 0.0012007480582029442	 87.27579146432429	 -0.6526826339264312
543	 9443	Neutral	2.2226653836134838	 137.493885343924	 0.19436060595838212	 0.07859025795521195	 0.0015912771620597806	 65.5598654671393	 -0.587431098538584
550	 9575	Neutral	4.440232214679335	 278.18924431250264	 0.1516460391014827	 0.08148344368567327	 0.0012641019799878802	 36.43279388368174	 -0.21059872331260793
546	 9506	Neutral	2.8998876405040477	 150.50408937824992	 0.1805193018705667	 0.032883604897979354	 0.0014040091055783474	 54.49196725528472	 -0.5227029884888819
553	 9618	Neutral	1.9356062945472252	 133.36866867819987	 0.2511276366245669	 0.07748215837466765	 0.001363427807950278	 94.07694659031134	 -0.6541945302710908
548	 9561	Neutral	4.003392692426794	 227.13868721068462	 0.20267965507976216	 0.10749126458170963	 0.0015264510928374787	 32.32911951988363	 -0.3951362854188729
547	 9529	Neutral	2.148021532830596	 126.53711265662837	 0.18807295216191175	 0.1042861726276383	 0.002006853222642605	 53.790729776695116	 -0.6277593900063227
551	 9581	Neutral	2.1388207235262673	 109.35901890320906	 0.12457415927706592	 0.03902282266569216	 0.0019630525834530917	 52.91027827968877	 -0.8661693847944125
555	 9630	Neutral	2.7266698759219463	 187.29265221767744	 0.2532145636217429	 0.06122472094214726	 0.0010949422691292478	 77.1656124988233	 -0.4425560902699737
554	 9628	Neutral	624.910962874185	 159.59630288899416	 0.02146429895146948	 0.06278671861992303	 0.0010491860788331008	 107.78555183389773	 -0.11480801789887993
552	 9615	Neutral	2.694092514719476	 85.92357240293454	 0.11645205818301806	 -0.010245602915121622	 0.001594368917044069	 54.268473096233414	 -1.3703216136005028
556	 9640	Neutral	4.007152802824733	 240.31662767526169	 0.2187337283823954	 0.05611625344811446	 0.0013733241616971095	 39.552775749251985	 -0.2601164020050513
557	 9646	Neutral	2.4933805165204594	 84.35705715601443	 0.11584284330402263	 -0.038595723872119965	 0.00123602788778815	 74.96634117089822	 -1.108633703720896
558	 9651	Neutral	2.3318088402725237	 201.3761709325578	 0.3666564868150532	 0.058429792431706776	 0.00116835692724195	 86.83961472566142	 -0.08782664713247951
549	 9564	Neutral	621.5004006526217	 129.2974917968483	 0.0	 0.06901868875938917	 0.0011463367211445852	 94.61603286823828	 -0.22474291180321818
561	 9705	Neutral	2.6474673036690026	 88.65927964861834	 0.10984796955919122	 -0.0036525516384748654	 0.002147101679279679	 38.838579981736984	 -1.4610330383695778
559	 9661	Neutral	8.24243204783179	 245.89458851575395	 0.12057671327630265	 -0.012532236132557271	 0.0017551258551157269	 6.07685928373642	 -0.8841206492764532
560	 9700	Neutral	2.4870679436697785	 94.45866496898688	 0.11731052604871191	 0.0025330163360424906	 0.0020461799669380587	 45.66463520459337	 -1.4844050811094638
562	 9706	Neutral	2.145838650421519	 111.0182160544524	 0.16481510468350102	 0.029857343634104406	 0.001290321493292991	 86.8413039199188	 -0.8849079372974954
565	 9741	Adaptive	4.47869188258211	 528.1150810974302	 0.24448001371892267	 0.27356323165872215	 0.0028018985566658407	 12.527557171720165	 -0.13251188749944176
564	 9732	Adaptive	2.2570990616858326	 235.17564387318666	 0.29050226993132544	 0.10577750447329609	 0.0009893069026952791	 110.23700188456935	 -0.07291621235194821
568	 9812	Neutral	2.045880792969873	 114.77071695382179	 0.13718451413900543	 0.04427543879500699	 0.0016789869607862719	 70.21954880441177	 -0.4961048443674929
569	 9828	Neutral	6.685534124641654	 514.4702066488832	 0.18553485353621846	 0.08114357042093674	 0.0008840724160526424	 31.34737418002181	 -0.04401148103661282
570	 9846	Neutral	1.9888336443957906	 123.3047592776738	 0.18593307625727268	 0.12279016672413168	 0.0027526374247659915	 39.75653869047437	 -0.9247010174154096
563	 9720	Neutral	2.0849141413290866	 118.44257529680559	 0.21901188014475795	 0.033346273523661124	 0.001698420268087677	 66.70867472462723	 -0.2809357872474778
572	 9926	Neutral	2.33028770040367	 100.12161878958928	 0.13713631598893758	 0.06190452203818581	 0.002313249978215569	 41.44904378665312	 -1.5019379674410027
566	 9758	Neutral	2.1537553895371317	 123.72432989817248	 0.18284525285819977	 0.031198826508200727	 0.0013611917634469399	 80.4643851590058	 -0.5298027288670397
567	 9772	Neutral	2.128495512208826	 189.62628160092635	 0.29988157370854607	 0.05543321510704436	 0.0010696873623739678	 109.78309174920733	 -0.2345588519842957
575	 9954	Neutral	2.0184295666067404	 132.25765946454737	 0.1757705242350934	 0.08260851159694775	 0.0014657097383677035	 78.34922681495539	 -0.4880891014909491
571	 9857	Adaptive	1.969512013158075	 183.29505141988417	 0.24681382998174428	 0.16611284962581568	 0.0015969020038884443	 73.1445584002785	 -0.22841853998539025
573	 9928	Neutral	4.77523839191525	 377.12492781849136	 0.1885753693832765	 0.09130307937215656	 0.0009950410998525966	 43.71675902110589	 -0.034356280514314406
574	 9950	Neutral	2.9039341705331214	 75.01503633461904	 0.0994391399898504	 -0.06035519193738858	 0.0020625931707766456	 38.786885070215675	 -2.0310918126722406
